6942
9004
3589
7727
9090
8959
8694
9295
8277
4201
6113
4440
206
3619
5000
1433
4843
9473
6264
1728
444
5726
8487
8883
6494
8400
5719
7893
58
6695
7457
8788
5348
9194
5635
6204
5856
8372
2050
6456
623
2099
5728
7256
7973
4772
1385
2918
5839
6743
234
492
8839
9296
5141
9845
3731
137
3358
6436
7182
8528
2668
4249
7969
3276
5872
4390
7302
3885
5969
8266
4429
9971
6099
2363
8041
1835
8099
1032
8544
8736
3640
5967
3437
8257
6315
3995
9115
3128
5723
9698
6561
6611
6319
4028
8382
4243
9701
4188
211
4486
5462
3163
5450
4127
826
805
7323
142
8121
3258
6323
723
6314
4087
512
694
457
4482
8287
7508
3690
8818
1813
5708
7019
369
8432
3394
5282
1207
7234
5209
3251
2302
9498
7989
6691
5269
2
1923
3029
1047
706
1500
6915
1283
4274
9321
3162
4934
9360
1195
3998
1257
9366
257
4633
9843
8991
500
6435
3833
7620
8618
596
3017
5522
601
7514
6867
730
144
891
4931
6119
7824
451
536
8680
3333
6002
2795
8396
1346
8714
8913
9520
2521
1142
9392
9908
4294
229
3592
3020
4050
1503
2990
4140
4347
9378
9900
2409
5361
8622
1943
6865
4932
389
2795
6508
5830
7288
548
1497
2207
6586
9732
3122
5248
5775
1534
6699
9107
8937
247
2853
1657
333
8806
4536
3262
7461
6264
7126
3704
3781
2313
4248
4382
8899
1222
7965
1835
2367
429
686
8010
3504
5490
3709
9814
1967
3860
5287
4311
4902
6491
9162
5946
4124
4897
5945
8099
2749
4957
7758
9879
2113
1510
3614
4723
5715
5027
1971
8009
1307
8449
8849
1750
1602
962
2529
7232
4653
6021
5987
1192
6240
4986
7688
9173
7110
303
5654
3612
8113
1393
865
7701
3203
9206
2173
3403
7408
9142
6311
8152
1915
6579
6521
4375
6180
1857
4590
8778
8558
2012
652
1125
1323
6758
7126
5863
7121
5172
4513
9181
1018
2287
4091
127
9924
374
2752
8617
4713
6543
5487
9764
1197
5149
9820
5877
5918
128
2207
9815
762
9477
6422
3169
6855
6585
6732
4894
6924
8309
6975
8982
5548
9654
2447
5673
163
2546
494
5637
1064
5478
8221
4223
5668
5804
7562
2723
7483
3053
6901
7146
7752
5792
3806
3481
2605
369
622
1652
9775
4741
3950
7657
9921
928
2461
675
3691
2696
5186
2864
2404
8179
147
940
9914
8505
5911
4137
3707
5132
3241
5203
1639
1302
6811
6794
4346
5284
4570
3047
2171
3895
7260
1265
6121
3680
6864
1145
4529
7200
2037
5289
4242
6615
740
5172
610
9918
1397
8022
4072
1031
225
1802
8310
4663
9106
4057
5277
9615
5075
91
7771
2789
6926
3791
5282
5097
3411
4401
8696
157
4943
8209
7442
3476
7173
6227
9466
3736
829
6883
6733
1189
6895
2969
8320
3576
2023
2614
3368
2316
9776
4425
6338
6848
1768
9152
8524
3720
7240
2631
5217
9009
3933
4923
3727
7912
6231
3100
1959
8745
2140
3261
2916
4562
1267
3518
2072
9434
6628
9160
3926
4530
8808
3207
6984
4621
1713
8853
7323
4086
4370
3398
1765
7449
9998
1278
7027
2470
4319
5554
7286
3751
8074
2441
3126
8286
756
8862
6869
419
3410
9164
4537
1752
1699
4339
8936
2464
5016
4680
3518
202
5353
3616
9406
8316
109
4433
7017
5898
1273
2277
5496
4434
6855
9344
3909
2060
6348
1275
2387
3320
3996
4352
4338
6191
1882
6344
7666
5841
9096
6769
4528
1003
8438
3515
2032
8882
3823
8165
4077
660
7253
3026
7495
4350
3612
7654
331
3155
4381
4560
1372
3690
7983
5244
5750
1215
1222
572
7009
3749
5675
7148
5095
5198
8093
1015
3843
9316
3780
4917
181
6176
2018
106
1725
2360
1778
9481
8882
3441
9263
5692
1759
5361
3097
2525
5263
1081
8291
9252
9872
7024
514
7383
5070
7971
8834
7032
8919
9504
4355
898
1293
7627
4475
76
9936
2000
6590
9286
3575
3269
3357
4709
1477
7091
2531
534
863
7458
325
1942
3849
7258
8793
7547
627
897
3408
860
2710
5966
8621
5703
2929
4650
1167
2396
1799
2292
7325
5683
2622
15
68
8294
5791
153
5998
8496
5294
736
7718
6499
6169
3971
6950
7665
7237
2605
4749
7849
4285
9615
2488
5338
750
3117
7386
1130
2755
8809
2522
5559
9194
9244
712
4478
1347
8986
6083
2792
176
7232
2601
3743
9976
331
6919
2412
1568
3955
1347
6339
5868
2864
8233
5340
9223
6896
1427
3695
2863
6871
6770
4641
7272
5335
4997
670
140
9247
453
7882
1654
7364
1411
8524
3252
6643
4384
8228
8643
4942
7201
7252
1197
9414
6611
1598
1286
517
5158
3939
6779
3272
6535
1644
7243
2247
4050
7194
2881
8234
9724
5552
9146
488
1707
1930
8073
3043
5189
1932
217
7523
9193
1810
7004
8360
8445
7110
4324
4797
5349
6137
7548
2023
7856
2779
2123
5766
4662
8518
7830
3661
7564
6961
6869
841
9351
9822
56
572
3210
6612
1994
8934
2473
8113
6439
291
4608
8205
1694
5523
7665
7299
1611
6216
9591
9134
2869
9460
7605
1033
8664
2238
7557
3030
5589
6199
8496
9948
1468
5354
8043
1005
6925
3961
4848
9399
8107
1762
5821
3135
9096
1830
9881
8353
138
3892
4983
8756
17
4091
8618
2770
8492
1602
3569
7894
3194
9446
3259
9831
4402
5537
2811
15
2187
3325
3768
9994
1043
8674
9072
7018
9270
6404
7137
8248
3889
1066
2939
3067
6237
8652
3229
9489
2635
3426
1766
1772
28
2086
4546
4714
2649
1138
2298
3069
1556
346
9426
1063
5792
8406
294
1922
6964
8991
3135
4764
1777
6685
2452
5815
7150
8498
8119
9238
7102
3109
7520
7789
1390
938
5643
1367
581
404
4836
3653
6176
6517
7720
9710
1633
7161
4886
3076
6642
5798
7354
5809
3527
8102
2528
6326
143
7424
9253
7112
1287
6285
8531
881
952
4514
3566
637
5473
414
