6715
5752
1480
6163
3562
2537
1111
2529
8839
2504
602
8625
6396
9251
7419
3122
8660
5518
8976
2359
4658
2718
2040
869
3027
8246
2422
6063
5640
2477
6446
8305
3506
7769
9233
5866
4159
3167
6667
6910
5749
628
9125
4859
6950
9454
2502
6192
7936
9121
6512
9850
6581
705
4716
6441
3892
2092
9588
9455
6340
1442
8157
1147
8945
7288
3252
9100
9051
7356
3106
3308
1168
7931
6365
8315
3612
7333
6068
3864
983
7124
5359
3649
9312
1831
3378
6064
7647
3438
7581
4902
9008
1216
3180
3257
6599
1722
5654
5181
3238
736
2996
3484
4628
4635
511
3290
1993
2165
9821
7716
5091
6895
4040
9327
5378
6508
4354
5816
9965
6665
9117
2777
8262
9544
4391
2235
8534
7929
8791
9190
2232
407
3099
9994
3029
9643
7130
5890
7807
7445
8128
6763
5432
9775
4539
7325
1364
4840
1813
316
9678
1135
8835
9809
4284
8638
7547
5817
2412
5347
1199
7315
404
5980
1968
967
2592
1437
6821
8495
4905
5397
5236
3744
380
6250
9297
5649
9507
6273
5259
4148
5005
8733
2357
4963
4181
8936
4410
3380
4295
5529
8183
2962
553
3412
2933
9034
6206
7236
8628
8452
7328
6633
8662
3318
3797
3618
5049
3977
4168
1393
4554
1323
5864
6584
7673
9832
1295
8552
3253
75
7345
914
4351
5905
3744
8805
5382
442
4539
7056
937
8847
8878
8094
4911
6010
2720
9994
4351
5664
1958
5290
6130
6486
5570
3753
3309
6100
1441
7655
1777
2392
116
8265
7738
9524
7542
7728
4476
6485
3894
7168
3216
5656
5776
8832
3058
6347
5358
9431
4568
1480
658
8835
5441
3665
1006
9427
771
7099
4038
7958
6534
5631
1727
6005
3756
1638
3799
4182
5346
7830
6402
6784
6691
5830
9119
337
8162
5143
6203
1180
6947
474
925
2924
7645
8432
3741
6371
1373
2804
4943
8804
5857
5525
3812
889
696
2155
678
7244
3600
5014
1228
9631
2453
6057
1488
9938
1851
1813
9948
4968
1587
279
8318
2202
8509
2244
8711
4314
4518
802
8091
3092
9485
3109
8806
6378
7556
4667
2859
4795
8857
1075
9973
9018
7964
4537
5618
549
2638
2769
6489
5964
1681
3221
9518
6059
2221
4728
5469
8024
7461
2542
696
7861
2606
5029
3808
3577
1744
6916
5104
7143
5336
5063
9615
2156
8575
9739
2243
6950
6232
3115
5686
7549
7373
477
9205
277
7285
1425
9589
7292
6781
8073
2115
2401
845
9524
335
2100
6454
421
8658
5441
1547
1038
3989
3479
6275
2327
7861
1664
780
7334
9923
742
7425
940
5865
9649
3086
8098
1229
3715
9681
2378
912
5515
7010
2824
4270
5360
8968
1517
5627
4256
2432
4624
6747
9898
6058
245
4931
8019
7842
1527
6929
5119
6836
5077
1525
5033
3308
9772
4925
5718
2488
139
4827
8556
8533
8830
4777
2899
2641
3701
9068
7246
682
2714
9370
585
3074
9960
5433
8082
1166
9697
2150
2994
8574
6353
9680
4935
9823
1267
6528
5397
7520
217
7440
924
4573
3611
6713
5872
8234
4762
8860
2925
5973
8042
346
558
1360
7848
120
2398
6709
5993
7653
6450
8605
3010
2297
6601
3054
5650
8025
6603
4139
512
6761
1199
1035
9356
7493
7613
7673
593
8078
4810
2078
3314
5339
9847
3141
3527
1809
2095
8162
5121
1560
5636
3930
3636
600
4384
6824
4710
1546
307
4231
1584
7105
1574
2305
1320
4441
7431
7385
5941
8434
9397
7403
8132
3387
1392
9669
8051
2574
7896
8774
8297
3992
7407
4788
1573
7793
499
5976
7384
4625
2667
3447
3513
1555
4378
9837
7194
2877
3323
7532
1134
372
1901
9576
5289
2008
4330
6490
444
2964
810
7935
4063
1299
6520
4205
4584
7718
6183
2970
5002
5735
9336
733
678
740
2894
9729
265
7817
7873
8658
9793
1231
4170
1475
9694
9218
2760
1040
1984
1365
6414
9434
5106
6180
6786
2870
8125
3592
5901
3419
131
3463
6184
4032
1595
510
49
5636
8257
5536
3411
1369
8590
1449
3168
4516
1080
5117
1623
8253
3246
6199
76
8726
2906
568
8115
2596
697
2607
7914
3594
2980
3483
8343
3669
1746
885
1310
9753
3172
6722
2875
4807
9260
4193
6069
770
4482
2220
3974
1821
2168
4513
3568
5737
7576
4162
508
7160
562
9623
8645
1431
5810
1068
7221
8775
9382
9889
9553
2120
5927
4833
1703
1076
3223
5797
4525
5863
6665
8518
6114
3500
5581
8431
1346
288
6402
7367
2874
2599
4113
5646
1313
2259
727
2165
9739
9122
852
1249
648
7073
2439
6340
3186
8062
9635
5253
7494
1544
8983
2168
8094
3754
4164
2401
1317
1556
8268
9405
3270
166
1630
3717
8715
8383
2833
9050
8960
4749
6020
5402
8319
561
234
5678
6226
8757
7169
4356
1879
4768
3842
7809
4156
2967
3814
7362
1463
8705
1425
3562
1335
2189
5075
1818
4355
689
5971
6836
5248
9024
9036
2366
224
2391
740
3135
6717
5598
9903
7776
9080
1367
9887
5201
9081
6544
2862
557
670
7707
2249
6902
1623
7858
5722
1564
7587
2921
8224
8499
1649
5546
7074
8880
8769
3854
8508
7844
2523
2470
7359
1075
4641
4020
9266
9943
1602
5972
7608
8751
1560
9329
216
8600
1061
401
9224
79
1677
3897
7758
8606
8116
7583
9973
775
8729
9201
8103
1971
445
2319
7921
188
5602
2434
3943
5010
9879
2261
6987
6516
5444
6903
3707
551
4725
3291
7438
4261
3842
4338
3514
780
1532
7259
1452
4503
6188
3348
8594
3967
587
191
4796
5865
3174
354
2029
2180
5469
8355
7801
3661
5868
3852
5652
606
7281
9961
1359
1984
8670
1088
8994
3259
3540
143
9449
2799
4565
615
8447
5898
3650
2504
2197
3819
1905
2525
5470
1391
142
9208
2776
7150
1174
9916
6914
6605
1197
4484
9724
4372
3273
5437
9345
2364
7663
1741
668
6550
3485
3794
422
1380
3691
5039
593
5762
7941
5710
3449
7147
605
7737
4380
5442
2360
4231
979
1817
3884
5947
738
8407
4387
6764
6869
1023
5618
8716
9024
3928
136
7964
4095
4783
7579
9659
6347
2761
5114
9806
662
8673
4275
6987
2860
4079
5961
3802
9689
7552
2486
9782
7017
4665
7926
709
4730
6732
8860
6335
2402
781
3330
6177
5144
3561
3865
3623
114
1153
2912
756
7798
1238
8109
6849
9639
4446
8386
9388
5617
1558
1608
3621
1657
1533
8521
4321
9283
7176
2518
7290
3266
1309
8566
3336
4831
5451
7298
9406
6569
2001
1526
4099
9309
6553
3098
5077
330
4497
6139
1703
1859
1769
7260
2061
7139
2874
1896
7304
933
3672
7886
5924
3191
3248
3904
6269
1416
8943
6008
5315
2560
6071
3538
9011
1947
6152
6747
5296
8062
6403
9984
9198
5182
7334
640
7061
5393
8760
6793
8158
7076
2834
5474
9336
5902
4397
4352
8734
762
7644
3531
110
7628
288
1004
9786
1963
7287
4110
8584
5340
7577
1726
7525
3452
6459
7300
9697
7306
9520
9151
1394
7526
6919
8749
5505
5108
3867
4368
4921
6092
752
3195
3905
2201
1680
2226
1376
466
2496
8370
6024
285
3273
8361
859
8806
2736
2592
4639
1147
519
6534
6904
3847
3699
4858
5977
3290
1526
4902
9501
6342
4004
5046
5769
6414
4188
5110
177
9429
3745
9361
6622
5311
6106
6430
3344
5172
2061
4427
3821
741
1588
5038
2463
4177
9833
5524
549
7987
9978
1338
8761
9921
7501
4829
1862
7270
9055
6597
324
1560
8293
2157
500
3612
9560
7608
6099
801
4936
9613
4531
2647
279
8818
4251
7441
4611
6698
7117
9860
4506
606
7621
8086
3968
463
7631
8612
639
5038
6653
823
533
8561
1411
2854
9697
89
2073
4291
3570
8620
560
6846
4851
9429
9321
1069
2815
5968
4141
3030
3254
4535
5159
1288
9235
2001
1011
3776
1109
9900
4950
8858
5461
346
8584
6617
5880
6657
2963
3958
2262
4331
5763
2338
7539
3110
1326
8163
416
1957
9429
6917
7848
2801
9787
1247
4496
8623
792
4334
1682
5365
9693
7247
6408
5777
2589
7475
2646
8438
9295
5778
8633
962
8261
2854
8644
3248
2189
803
3469
6019
3551
2124
8374
6801
1545
6495
6249
2040
1383
558
1122
6685
1505
8896
3049
1812
5837
9646
2160
6604
2755
1821
4180
2420
9614
1434
1228
90
944
3899
2559
1988
6294
9014
642
2983
276
5656
3816
3035
565
6597
3326
2654
2905
3218
532
6289
8789
2005
3396
542
1505
2515
4157
1586
7923
5166
72
1405
4433
4924
9766
5808
3240
6823
8927
2334
6982
3534
683
7779
4611
8037
9514
1912
2501
848
2846
1550
6533
135
3468
3505
1673
6597
3969
238
8621
7454
6998
8206
2680
4505
9481
3148
6086
8717
7243
2790
2147
9244
7254
5502
1724
369
7631
7237
1226
3631
91
914
4371
3712
2384
3204
7655
9323
1809
5158
5653
4489
2487
4799
4110
622
3798
6586
6632
1033
2099
4477
9779
7786
6725
1036
7946
7738
231
9583
5548
7995
3959
3816
3024
4371
2819
6664
7512
203
7115
267
5723
2570
6919
6182
2659
4583
5922
3877
9717
9279
2493
9985
4746
5308
1667
8626
9270
6553
3154
1100
8706
8601
8400
4734
4220
7490
5915
2162
5765
3735
6586
5080
7899
4345
2162
6344
339
1050
869
5831
9126
7408
4326
2844
8743
3174
9989
1480
2944
4852
701
8016
1205
999
9814
1901
3966
8465
2056
7814
697
3913
8563
8735
5472
2163
2017
3612
5847
736
6949
1545
2277
5815
8541
3838
2850
6444
6735
9164
7241
7104
7411
6683
407
390
7289
9831
3992
4686
946
3896
1933
2277
4452
3437
1302
2451
8359
4709
5875
2165
3858
9931
7724
5268
1933
9103
1237
8325
4520
249
1711
5775
2436
9010
6776
9155
4818
2554
7836
8762
1835
991
9683
7068
2415
2568
6518
6253
2501
6546
111
6154
9000
2235
9730
9564
89
1821
9357
9101
5192
5586
3327
6202
4066
3458
512
8852
6014
4633
7737
4784
2300
3164
8518
3014
3226
1803
1614
1773
1170
5445
6983
1631
2198
2861
8269
1893
8004
9401
8975
153
2198
4500
1182
1534
5039
849
754
8726
6417
2437
7998
6884
7459
2792
4859
8589
7042
9657
5078
3515
3987
8908
235
9025
6602
7939
6753
6228
6177
9499
1627
174
5310
5395
131
3284
8227
9053
1842
8343
446
1921
4777
6720
1423
8918
7890
2654
6217
5771
7393
6053
2045
5739
7507
7131
6943
1033
1867
5169
2212
1993
3952
193
2322
6433
4145
4906
1268
2948
8078
5830
5236
4339
9436
5504
6982
4480
4941
9236
5090
6354
1788
5007
1230
4455
7104
3325
7993
9158
9652
100
3840
1333
8646
2634
9694
8596
6849
6519
2200
4460
7143
7512
4441
4141
3371
1082
2481
3083
5185
9443
7529
8355
5892
2980
9402
99
8904
5631
1455
7435
8700
5281
7172
4888
4295
2553
5022
5974
6094
6567
7442
8196
7045
5158
6729
6420
5880
1489
1491
4207
6002
4469
9156
7176
3008
21
4000
2860
4335
6785
30
9884
7699
5421
8365
4380
3015
6204
3238
4034
546
1749
1591
8413
3693
9280
1186
6412
2094
6838
8323
4887
1191
6874
3929
7573
7531
1120
752
8196
7554
3185
4833
7479
4536
401
3155
650
3286
9748
6448
5367
5465
6733
6979
8929
3900
5622
7458
4823
4696
2379
1755
8128
4960
4081
522
2582
1989
7246
1622
3101
530
8234
9591
9983
7679
6596
1205
1298
8052
1014
6501
5297
3796
1624
5233
849
2558
5510
1874
4254
8843
9083
7356
9033
2615
3121
3260
6392
6482
5320
4575
1909
8798
8615
6550
3347
6613
7287
9328
3817
5951
9205
249
3565
9866
1890
1947
5188
5749
9493
5761
229
7266
8279
4693
7949
7418
9586
9619
4081
9566
1342
8160
593
9012
5713
4375
438
3476
4111
8722
6496
5196
5532
9431
4387
5861
9124
6596
2225
3792
8937
6329
3607
2362
6628
7884
5605
9970
2404
5192
8430
2795
6747
447
1602
8832
4668
1363
7270
6189
8049
1746
8661
5598
4066
6449
2776
8742
2140
9835
9878
6253
4321
9638
8252
1579
854
6648
320
6382
1926
8689
5328
8697
2536
8614
6842
910
8348
6916
3007
2051
254
5162
7918
739
7157
9872
2397
8798
8241
8904
1069
6824
2130
1554
7324
1624
2237
3112
5421
8383
9317
2618
5490
1498
1651
3400
4424
5835
9678
4501
8654
735
1424
2892
627
2181
4886
6970
6426
1724
877
3833
3722
2432
5376
5867
7904
1053
9148
1057
9624
7423
3112
3650
7258
8374
5483
457
438
5751
8622
6357
408
7971
3327
5502
428
3489
9610
1384
8812
2077
6193
9553
3958
1530
4968
2249
2100
4099
5726
4307
5401
5410
8199
8960
1580
3411
1958
7472
1287
6980
7183
9351
5225
480
9299
9690
9202
5512
5230
17
441
2454
1208
1073
9397
842
7654
3762
7724
5322
4630
9416
6563
5170
9935
6417
8594
8693
510
5796
6068
6139
6553
8131
9315
5821
4006
2903
6007
1593
6998
6419
929
3820
3928
5231
4669
9329
9253
5956
4330
1864
3416
2731
2050
9633
235
357
6910
3186
7340
2397
7023
7363
79
5766
3570
2716
3880
3952
767
6658
7678
5909
1975
4358
7779
7774
594
4870
5185
7690
7954
8284
5145
1766
439
8322
8768
9132
8295
1266
78
8325
4373
110
5346
1668
5211
7546
4918
6817
9766
2163
3762
4662
7018
7915
381
616
4578
3047
5196
9732
9001
347
938
7717
9274
3984
9535
8878
3059
9168
7794
6057
5388
5272
1086
8346
2692
9588
1853
6128
4400
4558
5976
4740
1354
5309
6811
2145
235
2424
2655
601
8393
7978
9902
8349
7062
5771
318
9649
3120
9005
9394
6397
7546
9589
2757
9772
1937
7000
2104
8283
4521
7689
9300
7983
5747
1841
9938
5266
9368
5941
5944
9070
166
5316
3243
8495
492
2807
9196
6270
9861
9991
3253
1966
6583
7900
4707
5147
5359
2943
2646
131
5849
9153
9851
9375
8447
5685
8868
7742
2891
2802
1500
782
6400
4952
2593
4294
669
3290
8722
4261
6811
1037
3727
1395
3106
9244
2440
1139
1891
3898
1867
2659
2543
6330
43
9415
5012
4746
8581
45
4376
9002
9701
7197
4437
3219
1088
8369
5355
8565
483
2367
1892
3304
8186
5616
4827
495
7280
7800
2432
745
7584
8300
4381
8603
2825
6400
3632
6833
9593
9020
6011
6418
1264
8838
5563
6605
5284
6425
3161
2649
6339
7319
4624
3962
2914
890
3558
1114
7654
3527
1971
6084
6814
7855
4437
4420
4621
9087
5781
188
2966
4511
9183
4275
4007
2534
3451
7273
6044
5134
29
9741
9411
4796
6838
9923
4974
8003
1862
2058
5810
6720
2246
7509
2445
2624
7342
9458
1028
981
9099
521
3526
7645
6739
6529
1797
4268
2097
1869
8879
7572
6546
7652
8680
3645
3860
7687
2450
5408
1804
7220
2218
5440
8911
5982
3183
6752
7300
2751
9993
9890
6936
375
1200
3963
6102
4027
4609
3129
3521
7730
1542
6480
1383
4667
2242
8460
4868
3940
4860
6286
8725
2137
6080
6820
5808
4941
2336
481
8921
5953
7328
2676
7403
9409
9534
9405
5664
2090
8736
705
6109
315
8486
2354
1456
6006
7645
2479
9361
3000
2304
3202
4327
9546
1864
1289
2822
5825
1756
891
8315
8125
5830
4457
6940
6488
2751
9607
2914
8959
235
7697
3534
1400
7584
4366
16
9622
283
2785
2247
3079
5381
8295
9486
3007
7562
2239
4122
5610
4184
8118
8814
7254
4382
8565
4715
7101
3206
4417
5379
206
1047
9009
9454
4846
1796
6038
1678
9247
384
2434
8907
6744
4
2934
3684
7602
1001
3117
9763
4909
694
9494
8656
5426
9436
5172
7800
4934
8966
6867
8367
506
6271
7481
9969
876
5029
2592
9309
7340
3954
9093
9830
7949
8441
643
6643
4734
635
6726
5152
2579
7107
6978
769
6983
6270
7678
775
9164
5220
4563
6583
8961
6744
2064
5276
259
6149
6610
9567
5951
1964
7965
5626
9878
7332
9125
637
605
6430
5717
8534
8015
4643
8488
2522
4932
8552
4743
3314
2757
3476
3562
8575
7862
137
3570
2764
536
9007
5261
8467
7290
3102
7879
4979
6207
465
3700
206
8617
174
8058
6326
5396
5487
1896
5128
6006
510
3964
4925
8517
508
8551
2442
7286
3345
1425
908
8365
5587
7807
758
9687
3572
408
6464
6273
9317
6127
1960
9107
3195
5061
1448
608
6633
1741
1355
5540
1912
3022
5446
5020
7656
9880
5555
6845
4575
3892
602
2829
232
8700
8642
8010
2895
9891
9761
8202
5779
1310
8055
2184
2362
172
2156
6771
9720
6365
9574
6270
2700
1715
7066
5182
3643
7517
5114
6870
1723
3400
925
6056
8367
3155
9727
1420
7711
875
9546
1541
2933
7867
4796
8137
9887
6066
6115
6096
1455
3882
5319
421
6197
1755
7385
9867
1292
3260
8118
331
7708
4196
872
5346
198
1278
3428
2275
152
2473
2712
7494
1146
7068
7788
5997
6014
4979
1796
7655
6595
5332
2928
433
9079
9686
778
3691
5873
432
2612
757
9390
6620
3504
4990
7573
8607
8399
426
411
5549
3334
9635
8843
425
1989
1285
8602
8464
592
8802
3899
6426
1022
7471
3247
8799
9926
4753
478
7234
3892
6959
8347
3045
5967
3372
8433
2684
6529
1501
8573
8859
6699
877
4843
7804
9992
9122
3263
2393
3615
2162
6508
9087
2598
120
4324
3038
4738
9047
3752
13
1459
7651
1235
3207
4557
898
5664
5929
2122
495
864
9772
3873
2260
7892
3935
6235
3825
5279
8727
7435
6863
5822
7364
9103
8624
7331
5430
9153
6861
3910
5380
8635
843
6233
7715
4056
8792
5326
6297
1118
2575
1218
3112
3195
370
7582
2519
1401
5126
3442
7377
9075
6570
5892
8718
5375
4477
2043
759
581
6437
2680
8538
7311
9915
165
9184
32
2710
2281
862
4989
3383
854
9220
6947
9256
6349
1271
9216
9040
2872
9296
8127
2214
5380
8784
5452
2910
671
6632
1069
271
2226
9283
1212
1559
8319
4273
8833
7582
1027
3624
1452
9948
8535
7764
5013
3586
1272
1525
2323
3906
5129
4063
5063
7094
67
4676
8602
2673
3144
3333
8152
1952
3504
7280
9887
3849
3709
3807
6343
4395
2605
7615
8367
6260
7656
5241
3130
5366
4391
1460
5779
3365
2035
5760
553
326
3625
7559
5111
5478
3481
8664
3604
8246
2127
8320
7712
9530
4450
3714
6943
8032
901
9084
2868
8595
2235
3417
6693
9785
9558
441
1421
8478
2417
8350
5350
4745
6175
161
2155
6440
1302
6092
3619
703
7539
298
8921
4312
4153
9692
4392
1622
8750
9245
6703
5617
7592
6309
3939
5368
8719
1031
2920
6238
2880
7239
1786
2591
8324
6898
8311
1026
6528
8431
1959
5926
3675
1070
6993
5398
9600
8261
7659
7767
4139
5780
155
720
9429
4634
495
511
3130
9284
2175
4986
5287
902
8745
7597
5506
6105
5040
3461
8412
5234
8839
8235
3594
892
8526
1083
245
9338
5026
693
1207
8720
9216
7994
440
5956
5843
6484
6925
5314
3463
7845
4077
7495
3345
939
5782
827
1210
8015
892
1002
8050
9467
3782
8336
3475
886
8504
9962
1320
3969
2387
2738
9111
3649
1970
289
6893
6203
2776
7374
2520
1070
5366
6115
4456
4947
6491
3362
8693
1888
5907
2100
4151
7425
5846
3270
541
2199
608
2019
8244
298
6802
1897
5312
3585
1451
5068
2166
4436
680
6007
3072
7941
6546
2594
1957
2353
5088
3099
8431
8878
6957
9819
6861
1703
8670
3685
4532
837
4822
9776
89
3704
8050
1678
2076
4028
651
8147
4410
2103
3208
335
7359
9423
6272
9921
4008
3158
235
3760
9540
102
8089
9700
9624
5564
6588
6138
4665
3430
9386
7743
1110
2096
2721
363
2242
979
5781
4440
9639
2771
1201
3312
8336
1424
7994
2874
5405
8149
1443
3194
283
2685
6443
3278
8041
7736
7881
9593
3542
2397
5420
9710
7535
5265
6138
3153
9725
8345
2207
492
36
689
7600
3564
3762
6049
9004
7049
8234
9936
8122
3702
3576
3918
9136
5833
3848
8215
8980
6945
8759
4420
6599
7880
5616
7051
8385
4215
538
9597
441
3243
1129
3858
7127
8841
5257
3663
2519
38
2978
6544
4560
4807
2238
2904
8996
1239
9501
7546
590
9306
5232
6245
707
699
2477
7575
7212
3324
7520
665
489
5946
9045
437
803
630
4149
2591
5676
2855
6558
9367
9364
8386
8554
8074
7528
4835
7725
3055
8487
6378
6808
4520
964
5396
9048
2381
7593
221
8373
5337
5197
4613
1493
8611
5526
8558
8403
1379
541
2079
8844
2661
9834
2596
846
8999
2167
2869
2288
7410
696
8387
2390
4623
3097
2193
8602
9281
6080
359
9355
9924
7032
5170
1210
8038
4354
3971
7712
9344
1545
8389
9189
415
4647
6953
857
1902
4558
4458
9665
859
4477
8416
3338
7542
5795
3731
329
2114
31
5421
7854
6607
8579
7617
6392
1952
3941
4404
4111
7947
6759
4044
7977
4591
6466
7510
7190
4196
229
2156
225
3348
6904
1547
4845
3580
2254
6252
9017
5235
573
879
344
5797
5945
8868
7831
8646
8948
2094
6698
1493
5027
8662
4263
673
2262
507
1685
9763
2536
2548
3190
2525
4933
7059
3991
1609
4808
9574
2174
880
5771
1215
791
4262
3730
4492
1919
7944
6823
8232
3010
5948
579
7907
6501
1041
6827
3339
1281
241
1116
9225
844
5288
1724
96
6185
8208
6800
2781
813
8354
3924
50
6953
8145
4312
837
6933
9581
8368
2709
5669
1661
9321
1356
131
7324
1301
5551
3889
9128
145
443
411
2027
3019
6757
5587
4635
4078
4469
3104
3269
8035
1285
8720
5401
8449
3374
4448
3873
7035
3616
9323
968
424
5605
6195
5300
2793
1378
4679
3375
461
9451
6483
3838
714
7068
7537
165
6117
8489
5233
8791
4730
6227
5189
8419
6853
2957
6587
1451
238
5726
1231
9950
390
7091
4082
6276
8526
490
9750
7731
855
5368
6553
7044
774
8623
5258
2877
2162
9398
1075
7336
4776
8945
582
978
3335
7835
5551
7224
366
9139
527
1081
2938
4970
577
5420
8574
8446
7259
3959
4036
6736
3521
6675
6388
9601
4960
3058
9453
6422
4402
8143
7723
7984
953
3033
7458
973
8067
4448
9090
9153
3226
7618
7282
3736
4606
102
8517
4798
4221
9613
7416
6270
3654
3136
5517
802
1934
5550
5590
6978
8982
3400
7381
9098
472
4903
3176
3360
1963
770
3870
5190
60
4658
5584
8240
9889
2830
9757
1764
5318
5399
2331
2466
4562
999
1604
1301
8421
5799
2986
3141
8318
9107
4140
7579
1572
5572
108
7252
76
7783
9630
7912
421
5650
6846
2148
8173
2449
605
480
9702
8870
5851
9918
5267
5268
2306
7908
7180
1361
6281
7532
3822
5367
7733
2429
3142
4232
7476
6311
4010
6543
7333
7573
8486
791
5435
480
6230
8404
1639
3054
9290
7966
8480
931
7812
7738
1559
8003
6032
98
7518
392
4332
9364
8701
55
2495
2793
9120
2825
4234
5087
4906
3398
7114
4399
7562
372
6458
7384
9975
8707
5072
6396
9219
4822
3584
9849
2776
5684
311
8703
3385
1654
6504
312
6533
1297
9792
1949
2817
8959
6555
4074
8105
6800
1247
2568
178
8163
9103
9802
7364
5382
540
8806
6748
8659
802
2508
1798
2931
5704
4598
6578
7630
7539
9817
48
4202
8035
6431
4778
9807
574
2704
2583
6693
4726
5537
4423
182
8426
5677
6197
2031
4206
5533
9358
7726
5346
5307
4383
4761
398
5519
6066
4737
7676
4422
8859
6321
896
4965
1985
2028
169
575
111
3177
1341
4893
7368
8268
8248
1397
1305
5473
2139
6796
5006
4101
8866
2074
9515
1540
38
9439
3443
9743
423
7514
4753
4367
5811
8975
3464
5647
6770
8363
9358
4821
591
6354
6786
479
7328
6947
3233
5840
4705
2634
617
4086
4185
6379
4791
9047
291
5096
4118
1118
9538
9639
5278
5038
9192
1268
794
9929
6974
1732
1196
2191
9471
9459
759
1188
5590
4575
1832
699
4497
166
1780
4152
1265
8429
5571
5747
4454
985
6024
2586
1728
8044
9673
1720
4962
1518
8117
3579
1275
9607
5511
5645
8364
9526
4886
82
6894
4000
4809
3390
8323
344
9540
7128
5023
4774
7015
1772
8079
4062
2263
6540
8702
6644
7872
6123
7979
397
1710
3760
9547
9657
861
2434
4165
4179
3389
3420
1176
5312
7316
7272
3983
9871
4508
7085
9030
7868
8866
7593
9724
2296
3682
2811
5770
1868
268
7474
1717
8423
9501
107
9650
6697
1878
1139
9322
2235
7830
5533
5386
3590
3739
9598
2117
7031
4552
5921
8548
2445
9162
717
7854
6194
4225
1286
287
3384
1352
6494
8796
3820
8419
1371
3074
6501
2267
6142
535
5661
2051
9090
5852
3008
7410
7619
9782
491
2472
4185
9643
723
1906
7511
2129
1736
7431
4701
8076
4573
3380
2294
6759
7381
3031
6413
4268
816
6491
2737
3601
7404
3285
7345
2800
9743
1048
2613
2599
1497
807
3909
762
4055
2906
5196
2211
2660
734
4131
3121
1534
8602
7334
1695
9878
8249
5458
173
4639
9739
9827
2029
1519
8084
8176
4941
5961
5839
7560
8469
2937
7713
6570
2283
2969
4489
1797
4039
3261
7726
9037
1302
6900
1662
9960
9452
7001
6212
6971
5514
5211
85
144
9626
1126
3219
6245
2951
424
9007
3248
733
4058
8751
5026
1505
9580
5364
2893
9432
1514
9834
8541
3817
9801
4093
2490
800
9285
5970
1509
4947
891
5244
3550
3435
7382
3613
2071
5674
5641
5836
3765
1635
3995
2847
9987
2416
611
5555
2328
9934
4214
5046
6400
8993
5836
3366
9960
3275
9912
3115
6812
2768
9106
9347
4561
8911
8965
4015
3742
7472
398
4986
2784
2306
7282
665
2305
8947
8204
2472
7656
139
1482
6045
1442
1123
3933
5041
8834
6755
6201
1229
6151
8540
6012
9765
3163
7327
3314
7823
8557
5911
4059
9518
4205
6274
110
1885
7878
4441
6431
4310
5933
1221
7120
4617
3602
1013
1791
157
6739
8074
2829
8701
4078
529
7940
6350
3890
1660
1251
4004
3557
6168
7527
2781
787
4771
3217
8568
5292
5595
3897
836
888
4346
4062
2085
8513
3873
5759
1698
3692
6426
8176
8386
2248
5565
6586
5521
3171
1654
5343
9423
542
9402
3301
8020
4696
8378
9342
7438
8150
1258
7620
1800
2845
1755
5350
4799
6682
5706
8790
8821
1708
6446
8445
8572
1294
6729
670
4692
4609
4050
3155
2892
2376
7937
9712
7744
8163
4099
3894
4552
616
592
6262
1877
6392
9082
8035
3770
3552
2682
849
53
497
6345
8820
6673
6747
7939
1436
7105
4340
6550
1802
4103
3096
2099
7153
4940
3024
7156
1443
9780
7360
6229
6966
5936
2749
1407
8769
1659
1376
6977
987
5489
4673
3260
20
916
2199
703
2080
7470
5125
8954
4139
4631
2223
1103
3605
3518
6562
647
418
1800
7869
9484
9010
6390
2599
3360
9794
983
2625
3354
5551
9747
9009
4609
1257
3352
5285
5465
888
3564
6941
7161
3853
7323
2430
5345
4325
6297
9195
6520
8653
9538
4984
5418
7316
3089
2542
2823
4997
5547
4242
9725
16
8766
2263
3601
5373
7080
3308
8838
9217
5505
2596
4448
9721
3639
8647
6606
667
1038
1542
9181
1971
6032
4725
2847
7963
4220
9872
8317
8407
5391
9051
3674
2584
1288
2394
5604
7133
7538
4467
5541
4409
7160
3582
6145
9576
4835
4849
4003
6558
889
8129
1553
6469
4868
9390
9507
5082
5656
800
8584
1126
5377
5163
1847
680
4461
7271
6202
2231
3301
6002
9015
6291
5023
7281
3637
4608
8384
5004
2465
9303
9791
8709
9738
9266
5863
3465
1011
6476
695
1997
8089
4538
6949
3047
7810
2878
9786
9590
6335
2653
1701
5364
7457
419
5117
8491
7774
5136
402
3356
6361
9110
4428
2680
8252
2808
4461
7818
2303
3179
4849
7217
744
3176
3044
5357
592
8628
189
3685
7282
8850
1206
1517
8044
8840
4816
331
2995
9620
1454
7965
2404
7398
2697
2607
7577
2426
4252
3033
7296
8083
9852
3398
9065
8297
5782
7031
2901
8471
2894
677
7860
9197
195
2168
5976
5738
585
4448
8641
9195
6933
7334
3137
9440
9529
4899
4188
9629
7274
3293
257
8894
3348
7784
3709
7699
5726
1548
163
7438
464
8561
1685
164
3297
7332
9377
7350
8741
468
5816
3509
4656
1915
9550
4536
2883
200
4537
7769
9077
2062
7046
9657
7055
9560
4419
167
1765
3879
9559
4198
8989
3621
6466
2437
1149
5763
8361
4597
7143
3563
9604
1134
2125
3347
9392
143
1407
6690
743
6078
5859
8135
1138
98
9560
6055
6042
1683
1466
1321
3464
3284
5672
5549
8508
3233
4830
2313
2382
3240
6348
993
3625
3010
5149
7973
5842
1290
2681
3136
8234
505
2150
5658
8667
798
6519
6474
8341
8690
6987
5996
3317
9467
6107
1575
7201
3717
2816
3794
6546
3188
3501
8685
9724
5863
5977
7549
8753
2791
4789
7509
3916
6468
7608
2611
4615
2710
2245
7641
9951
597
1057
6308
8470
5564
1714
3918
9148
6416
8715
4316
5810
1564
2017
808
2878
8683
1160
8298
7035
6622
8218
1203
9027
4059
5248
2553
8306
6389
4504
5973
858
6756
2576
1861
8414
8622
6428
2266
4336
7702
4415
94
9083
9620
2380
403
1202
6807
5588
7421
9065
4374
245
9093
5809
6775
1651
8512
1106
4343
7477
485
8734
5221
6232
906
2364
4126
4763
3045
5033
8585
6025
4932
8724
2286
7397
256
5214
2298
1970
5724
8877
4832
181
8311
9333
8353
5791
1250
5747
9140
6056
6313
1794
560
7187
18
1062
7006
9477
9041
9757
7751
6705
4089
91
6520
9055
3226
4486
4988
1238
6157
615
2497
3716
4365
63
4054
5561
9297
1187
6405
9227
3191
5538
6524
312
1906
1820
5963
9618
6764
8689
2882
8215
1754
918
2114
4838
9359
176
1417
2228
8190
6665
357
9380
2959
1038
4382
8449
1032
5840
4957
2886
5111
9978
2886
490
1212
1915
1881
5534
1924
5173
4087
7112
9430
5789
3680
5194
6170
148
7423
2855
2440
4460
3998
1925
8265
5837
7168
8819
2063
7638
116
7078
1622
5563
5842
8123
549
7398
7227
2598
7447
4872
5540
558
3503
9181
5125
1425
9679
8608
3412
2894
812
7619
6866
6099
9562
5219
519
5629
1681
4105
5290
3833
9687
7942
2879
3989
1063
1084
3327
1536
4914
2876
923
721
3047
4191
7756
8489
881
9051
7684
573
8898
7010
6371
4828
9918
2789
6962
3239
6034
2831
9705
9905
5714
7303
8200
1239
3207
6838
6758
49
3458
8077
6398
1752
7281
2554
5474
7697
9541
9281
4397
6143
2362
7994
9258
7177
6106
4727
9643
1937
397
1747
803
9785
5933
9311
9824
1657
1696
6194
2452
4986
9547
1814
2409
3191
2569
7182
5044
1498
709
1199
1719
2338
4614
7879
5131
1209
3128
65
6287
4865
2325
7868
2331
9782
3830
2211
5416
7860
5361
186
678
2177
6320
2299
4802
9563
6318
2465
2379
4128
3768
9703
2056
2003
9390
9782
1419
3456
920
9498
1837
1088
151
8314
5029
1189
7013
1979
2033
9523
6958
6381
4835
8871
2066
7428
5358
6005
5336
1551
392
1544
2163
684
1248
142
8017
4650
1905
6795
2799
4886
4685
558
7154
7433
6897
7704
3215
2919
5265
2678
2864
2563
9983
445
5738
6238
984
7903
6531
6658
9976
345
9655
4209
7197
1528
8195
3740
3911
4974
9343
6522
3263
3300
5605
5588
1468
6192
5125
8952
6894
5454
3510
8937
6339
7119
8693
8794
3480
2229
7987
9959
1795
5228
753
6723
5727
2706
8025
5048
191
3886
4085
636
1422
8019
1451
9926
5567
8775
5649
7453
5366
3472
624
494
2626
8886
2735
4327
3623
9196
2937
8570
5717
9517
5662
7563
9627
3601
2093
6287
3163
180
7140
208
6973
1528
2602
1352
5153
8044
6700
5964
3161
6422
6634
1366
1298
5851
1152
2631
4586
3043
4039
7321
9308
6254
2759
683
661
8227
8888
5166
26
2658
7018
2336
6097
5878
4529
8592
198
8807
5046
5754
6159
3436
6269
2158
7798
6890
7642
5200
8536
3588
9408
7846
3394
2264
7098
505
2267
5089
8727
5898
5465
1057
4532
5224
5682
1658
2625
4841
6132
5394
2691
1906
5925
8551
2365
6506
670
5546
2945
4700
6506
323
3066
4290
108
7997
4330
6473
9398
1325
4814
3918
361
342
9811
1322
8770
1099
135
7980
8605
8016
88
8145
8522
1194
6412
3200
9719
7816
3788
8578
7100
7944
765
6229
814
5544
1082
6159
8494
7358
569
7582
5853
6631
3409
4365
8340
4314
6164
9783
3342
6111
8933
1161
9925
1243
8465
5716
6895
6291
1544
8869
8374
9981
3644
6746
4730
2046
1510
7280
1710
2444
8903
4632
6344
1216
9199
5048
9186
2322
2905
8046
6540
9409
2858
1847
1754
4696
6042
4370
9191
6911
4805
5366
8034
7351
9118
9941
1281
4780
8020
7986
5306
936
5955
5536
7179
7945
4658
6526
9165
5258
2866
1983
9121
2964
8158
9048
2148
5592
3970
5020
2109
2638
4986
471
196
814
2005
6256
1864
2531
3499
3975
964
4799
3280
5987
5167
6726
1973
8359
2658
5207
2871
4591
1845
5328
4990
1476
9051
8172
7669
9785
3246
1913
8005
9806
2162
5998
827
2883
2586
7966
4162
4109
989
8576
8974
3261
1226
5180
8593
9872
1151
3536
8860
5980
419
4586
4452
2143
8533
1685
7958
4810
4890
5555
1491
3810
8855
1022
7337
8796
9418
8429
6354
7559
9717
9149
2154
3806
8799
5398
7048
8268
698
7376
6433
8357
2533
1223
5509
6538
7423
3812
4938
1697
3782
1273
3528
8023
1534
875
2254
754
8709
8134
1488
8272
9408
806
7350
31
3589
3748
5603
3777
4693
935
2688
7314
7956
9858
9829
2455
8158
3379
2361
4178
5762
1009
7852
4109
3627
1385
9894
9175
2457
2748
5339
1407
3546
43
2872
7426
762
1331
1471
2468
7239
9980
4658
8294
366
8988
5258
7029
8317
7005
5445
6839
4504
5008
7125
1702
9095
4447
8870
4807
8275
1962
4076
7
5519
5882
8070
9971
7523
2956
2146
7396
7420
8
1749
1933
9165
5822
3623
6699
4323
1283
3882
1873
2498
506
9998
322
8680
9113
553
2254
1692
9486
3748
5368
3833
2386
788
6358
7930
7508
6294
9168
8099
9696
2408
118
2680
8751
9857
8244
9644
5119
2753
4866
585
1396
3651
6887
5517
4682
3368
7029
4994
7694
6235
8111
2035
4946
4089
9346
2561
4785
3756
3101
4701
7365
5389
7764
7782
6702
8703
6120
8919
7798
1890
5596
5639
7696
8989
2713
9871
7817
9213
1115
3868
3271
1583
2437
6032
4073
8716
6980
8516
832
4798
9869
7861
3437
9555
234
3263
6289
6004
6097
7316
4908
9163
5990
6425
5930
5611
396
7437
4393
6233
1813
7997
8054
8579
7158
4787
1182
2461
9928
1157
2249
8652
1601
60
3377
1400
3022
7776
566
944
2576
579
4928
4150
9572
9025
9231
5612
9746
9149
4267
5436
3483
2819
7783
6720
4411
5762
9308
8170
3280
5615
4435
8618
4653
5691
3301
8640
4930
1003
448
9278
7758
199
8443
8020
2091
3115
4566
5060
5891
6068
2186
9643
3784
9293
9398
6861
5892
8030
9534
1327
5973
9465
3654
3675
1017
825
3195
6184
4227
4988
691
6732
1043
4228
1723
3178
1790
5187
9663
6628
3404
8035
5978
6358
4916
5217
8764
573
7343
2923
6255
7683
5733
1643
6971
531
9699
6824
2332
8734
4538
6174
5957
139
511
6408
7891
9549
4086
9117
4210
4460
5081
4342
8802
2943
5197
860
2318
7300
202
92
7945
7850
4332
3952
6792
6997
1614
4508
2937
5613
1991
1604
1109
6301
401
7415
3780
2286
7518
7738
7673
5697
4777
2875
3473
7622
2692
2901
7141
8323
8120
7081
3956
3867
715
278
7849
8667
8066
5114
2949
9491
7546
2553
8266
6829
2395
2355
7709
4187
2994
3073
8476
5536
8954
6946
4084
7595
3345
9824
6520
3754
8757
2996
520
3592
3371
6939
2711
1058
8525
8749
1974
47
8179
5298
5908
7925
5119
1568
3698
8074
7834
5392
2879
5354
4998
7337
7127
9103
2568
6420
6307
3571
8413
1874
3556
7241
1689
4581
2194
1339
9286
5817
2934
6699
7099
597
9377
1959
7314
4549
2741
4909
9823
6509
3934
5459
5686
7960
390
756
6296
8820
8334
6142
7028
8381
9971
9358
3202
7253
5091
5845
5839
4657
2712
2756
5541
1449
1439
303
2872
8296
9552
973
4540
1814
3062
6004
9363
6784
8158
7253
7080
345
4531
1735
5933
8897
3552
3597
6432
4441
4659
840
4531
3220
3559
6274
6700
831
7021
7163
1910
1333
4894
357
4372
5012
9462
4358
6713
3817
6640
8176
4441
5801
2431
7362
9762
3690
6853
9108
8490
1435
4082
4847
7750
6217
9273
9801
8780
2153
7353
8542
5882
5279
4096
6570
5802
3667
2482
4388
8680
5891
2742
8787
1226
1582
2557
9745
4937
4106
1189
3984
1372
1025
4607
9138
5227
7713
8177
3947
3446
153
8013
5234
6360
1807
9061
8497
8267
6169
1669
6502
3203
296
5105
7752
5591
9681
1855
1693
3383
7271
3404
1736
4328
8344
5550
1689
256
1431
1610
8002
6471
954
5559
6513
8714
7888
7181
7383
1045
2818
2806
1526
9001
5638
8483
337
3080
9369
2922
786
9375
4152
217
9094
8181
7380
2867
996
9663
3794
7239
2315
3039
6192
9199
4815
2501
4214
377
9303
437
6258
7164
8268
5123
5117
6388
9970
2295
9026
6461
9410
5181
946
4733
6000
3915
7099
2703
6352
3478
5104
975
1703
9644
8192
4367
126
6868
5912
631
5294
693
5706
3720
3909
7523
9211
9422
3309
581
573
8979
5729
9222
9164
759
9007
5349
3975
279
2032
2044
454
6005
988
522
777
3525
3377
8584
3402
5251
6381
3931
5792
2537
8480
3823
4519
519
9870
7853
2731
5923
6132
3182
3959
5309
5654
2216
8544
6257
676
4671
1149
1038
8340
1078
4275
3755
6987
7453
8465
5370
3072
8507
3305
6050
5774
2862
2841
805
3362
8358
2528
724
3040
7070
3970
2511
2989
2099
5099
5946
1164
3758
5692
336
9035
7679
3530
1079
745
7114
9846
5344
1889
548
816
3764
2394
5821
5339
2300
8952
3682
4949
9016
6067
2423
7775
9008
3022
5076
8743
1075
5671
9644
7782
3020
8782
3669
3057
126
205
5051
6644
6546
1480
7952
3703
8153
5339
4804
6776
794
7029
9671
1948
7864
3771
2469
341
788
8373
1153
6633
1547
2674
826
3588
5668
5974
1709
9941
6146
8935
5581
5687
5267
2330
5578
7101
1853
4
6915
6181
852
1272
3410
7130
6181
6602
6930
7772
2642
6874
7802
5552
628
9756
9407
7231
2963
5319
5257
4192
7513
9030
6228
3729
2829
2811
101
7155
8964
593
8468
1057
584
2363
1813
6063
6807
6359
378
2372
9921
1149
2194
8889
3584
4760
2387
3214
636
2265
4246
3828
8842
3344
7761
270
1708
8738
5178
1092
717
1927
1500
4817
4250
7145
40
8860
2709
2367
6245
6674
6979
2168
8720
8636
9221
8098
8072
1662
7549
5807
1440
6681
203
3435
2156
6071
4284
9669
6812
3557
5255
4089
7200
5744
7239
2829
6425
5229
8852
3173
8196
6784
5957
3560
569
6136
3901
8843
2561
1837
329
13
8712
7543
7185
1151
5772
3283
3909
3407
876
8342
8076
4166
7956
8218
8543
4650
2406
6761
1587
7351
6083
223
1033
4935
903
5448
5803
7204
9494
6789
2615
7592
1591
8017
1944
997
4560
1775
5601
285
3163
4191
2146
7458
4326
9519
519
7659
315
4565
5279
427
6409
1276
9720
2656
8927
9533
4513
4579
5001
763
268
5164
9562
9414
5224
6955
2592
1260
3090
601
3994
9663
8644
8812
2336
7945
3409
7810
9661
6674
9446
3800
2758
9128
6133
3291
5488
7942
5988
8935
4269
6855
8791
9200
4839
1093
3662
7642
5163
9567
3785
5668
7800
7782
3041
7487
5705
604
6698
6914
2552
795
792
7432
3715
618
1571
1240
2919
6100
6520
1148
8899
5209
5863
510
9056
1674
7129
4973
4339
5759
9878
6894
6295
8515
5451
1420
729
5851
2297
6464
5165
3364
2602
9952
4669
3249
5588
7310
7640
1005
7824
8503
7606
4037
8760
148
5926
1098
945
7183
1094
2304
9496
6767
8802
5108
1788
8953
5796
5149
8116
8389
7971
7188
3212
6742
7776
567
5583
6733
4984
2527
1700
6579
3187
50
8870
1157
7563
8897
6039
2595
2903
2984
8286
951
5680
810
8705
5255
2903
2758
4679
3116
857
9434
8992
2433
8208
4427
7361
7334
1415
1106
4140
6203
7492
1443
5822
8504
7658
1849
2733
151
8329
8912
791
6491
7220
3584
2894
5152
2925
5620
4857
3000
1522
6428
8188
9487
4317
8247
8893
8664
8182
5128
9050
7407
3532
6596
8944
2856
6826
5832
3386
2456
443
7052
1148
1853
8393
8438
7439
6145
4040
730
715
3180
6337
1303
8122
7283
6608
7412
2521
9620
8740
8785
9688
9022
263
1843
2585
9084
1286
3134
3717
8032
418
9609
6060
8070
3618
495
2398
1931
6377
3899
588
2988
5776
3113
7037
1240
9704
6968
5061
1136
3378
8939
9535
9133
4797
8514
3493
6622
9858
4726
5273
2861
2058
7746
8152
2206
4253
126
6343
8746
5308
3173
3806
1286
7468
6293
1855
5057
9750
997
9263
2666
5455
5854
9209
2498
5854
945
7066
865
1014
9311
7672
2570
5005
6461
5216
6419
2043
3995
1598
7999
7916
8836
8231
2149
6784
1470
1682
2711
430
5726
3700
4594
2323
960
8412
1296
2625
5229
6035
7308
6675
234
299
7284
3687
1139
9954
8780
3239
1273
3481
8108
8872
1265
2478
9940
2489
5599
9510
9005
8095
9988
1937
5367
9987
9031
1982
3091
659
9934
1976
7640
8913
7802
9985
7181
2771
880
7871
987
2842
2712
6456
4690
4480
2109
8854
471
6643
2376
3788
2879
4558
4398
2671
1747
1181
3408
91
9058
24
7325
9549
1315
4125
8636
1266
1226
9959
3639
379
2571
3374
6758
6683
7523
4361
7553
3923
3267
4174
6625
8046
3557
981
7513
7507
1073
2728
1891
1372
6113
6738
8482
6698
2527
8469
7081
6329
1695
3168
3833
6595
626
1507
953
8585
1144
1463
1405
9758
5997
7312
9367
3195
3920
3517
8475
8321
1067
4634
3230
8010
9618
6664
7651
5299
7138
1688
6385
9173
6860
3917
7941
4970
7438
798
1231
9141
9088
3983
3468
6694
7258
7537
9554
8278
6418
5668
5718
9124
5381
5218
4673
3939
9758
6036
4264
6379
1726
1410
3652
2511
6760
4084
7615
9316
3020
3565
9226
7899
7952
5410
9672
4101
450
8
8066
9633
8398
6005
5710
7849
2721
3436
8699
1134
7809
8360
333
1481
672
4352
6246
9697
1630
723
7676
2250
3734
3606
4522
1759
2456
1709
5826
6515
8312
6795
8365
5343
812
9081
7328
2980
3652
3363
7993
4690
1278
6157
8193
7352
5566
6687
6777
7406
2281
9195
5759
7567
8925
7563
5509
7512
1771
5098
5293
4395
6879
8000
1119
6365
1298
1981
8161
7428
9600
4654
4309
8742
235
8784
1055
8541
4923
2383
6444
9678
870
5200
6453
6522
9050
3434
1927
265
5833
6554
4942
7562
5111
1532
2751
4447
9350
1089
1937
358
2745
2146
792
5266
4461
2522
6231
8200
5890
1107
5894
7158
60
5676
5706
3305
3746
9115
1092
364
493
3366
6779
2806
945
592
8459
5459
8252
5130
3333
6187
3172
3361
104
9127
5404
4372
992
3735
3735
4335
9763
1771
3075
1747
5727
1069
3154
2985
9885
6364
8394
1127
1640
8423
9752
3528
7375
4331
4557
3435
2359
4387
1861
227
4227
442
7731
1132
3888
6845
7069
1971
7956
2484
9454
7500
5820
9497
8677
9936
2914
6666
2806
2648
4019
9419
7584
903
5431
395
7100
2114
8470
4216
8418
5526
5530
7562
8346
8633
6241
1481
6517
9734
7320
307
8709
5282
6999
5843
623
4308
7464
4195
1438
3923
6275
8495
411
5126
3267
5182
8198
9784
2296
44
7201
8343
6716
1670
6626
5851
9432
9859
7500
4749
5194
8787
520
9176
3195
7326
7467
2402
9889
7463
1510
4567
9442
2096
3867
5506
4240
487
3816
4022
426
8286
5408
9839
1677
798
5882
7629
2049
7043
745
5496
3202
5600
9908
498
8206
2361
8742
2152
3025
8585
1152
3733
9123
550
4163
5587
9505
2695
1418
941
8269
7606
5241
2391
2228
1804
7469
9856
6469
1045
508
7873
6556
9972
8658
2939
8427
337
2813
5165
1734
3574
6568
4146
9839
5340
8637
3864
6582
2403
9422
8135
114
993
2108
4394
4045
4306
951
1841
9046
9543
2244
1386
3507
5668
6705
3669
3135
7982
7873
6771
7280
6691
1474
2037
7751
8003
9202
5912
7127
3692
4556
3495
3794
5380
5743
5642
2252
5799
3930
2811
8234
9675
5203
6117
5412
2553
3427
9813
2840
6692
6555
3570
2769
8580
9129
829
4959
37
2464
8903
994
4116
280
5207
7218
5264
5849
5247
5832
4231
6488
3413
135
5714
1406
3376
8230
3356
7355
3876
5570
3624
4094
6797
5681
2045
1892
2706
5351
6942
6089
3511
5643
5574
3173
8039
7630
3936
4820
2515
1151
9171
6250
8843
5959
816
7214
4650
434
7658
4538
4227
2964
1669
4541
3382
7462
7799
1165
2621
6676
1933
1634
4627
682
7663
1341
2707
1069
5013
2298
8310
6950
3248
1690
3340
3096
637
8034
7740
684
236
6561
8508
6177
1341
2109
8342
8925
2806
3848
4137
4649
8119
6968
2913
2281
827
5230
3582
8086
9402
691
2145
3967
5240
6501
4675
3889
384
7550
7939
4847
8404
6168
4925
3056
6
6568
107
9232
4874
6495
6952
6950
6500
106
3775
7480
9439
4114
6643
5762
3583
7116
8901
1526
9277
2028
6251
6184
585
8479
6081
6231
2924
4979
5207
3828
6413
2190
4291
4298
3060
8705
3533
4487
4054
1422
2767
5588
3144
8647
2895
2740
3281
8381
8125
5302
1626
7712
6579
8901
6042
2590
2585
9349
9352
3430
5923
9855
7108
144
8072
9259
7547
9594
1935
587
6250
384
4617
2310
2123
341
3193
8170
4191
5823
9295
1143
1803
6100
1775
4936
1910
5817
2693
300
281
8581
8073
8083
3886
8523
2768
3314
4103
6042
8938
2429
7852
2699
6263
9669
4429
7672
6702
1899
5399
6053
6668
6917
5394
8094
4720
4495
5067
2554
5612
7828
3262
8079
5046
3328
9029
1484
9168
6650
6387
4970
5630
1543
5325
5025
7753
970
3975
6844
2992
8976
2184
8023
4066
7442
4279
5514
2296
2711
4224
9366
4244
6585
6388
8926
693
8698
9879
2099
8324
5957
5414
1660
4733
9078
1607
5661
5749
8529
8990
4658
890
5219
7306
5721
6319
9135
4869
75
4683
2637
6302
1693
1541
177
7821
1001
7618
4098
9033
171
1550
4280
8275
1250
5433
1304
7553
5798
2267
4747
6535
2290
2075
9779
6139
9353
2379
2695
7876
2804
9258
2696
1768
182
7697
7241
9524
1993
4368
2910
4141
3617
8959
6570
832
9851
1906
3223
598
7104
6438
719
662
8576
2732
6539
9973
494
3802
4021
1365
5846
5413
7296
8843
7049
8712
6490
1908
3836
3715
5083
3561
2468
2655
3919
9159
6363
1826
8795
2384
4946
4144
722
8914
5855
7616
7372
7186
4227
2468
9810
598
8547
4213
1787
6663
5210
5678
7257
2151
9463
222
7888
2199
4776
5597
8835
9940
4146
2301
4423
2058
1770
532
9448
6346
7831
3539
4298
4804
6671
1155
7091
3897
1946
5382
8108
6814
6046
1024
1445
8316
896
7451
2842
3963
1623
9189
1706
2298
6882
7034
8973
2071
2214
6306
9871
2328
4420
9453
730
7508
8272
9222
4804
4814
9632
8197
7278
3031
2599
9688
1315
6153
9564
2259
7287
2965
3729
7586
1098
3043
3836
3883
9147
1690
1375
9479
4390
1406
6027
5133
5892
6876
1217
472
8144
2932
2762
9057
5578
5952
8654
4410
4395
5872
7836
1529
532
7353
2605
5299
6812
3296
6822
151
3563
735
5472
1366
7871
2332
7010
2005
194
1728
7320
8754
8566
4777
1711
6236
9247
4597
5857
6237
1908
8389
9463
1917
1319
2201
9113
9223
3660
7818
2420
6231
596
6843
1936
382
448
9527
9757
9401
8088
3537
2958
1298
1341
3624
9528
23
7290
333
3180
3343
1044
2617
8498
3261
8334
5578
9984
5615
8385
5962
3784
3068
2040
5639
8629
7029
4945
3178
4518
1914
8866
8742
8992
170
6005
2061
4163
6510
4375
9623
9101
2527
8972
2944
7867
8199
467
2999
7861
4379
8087
5633
4086
3871
1433
7759
6421
6133
8741
3776
4163
9003
856
3796
3083
6866
3631
4491
1902
8284
9442
7524
7020
5296
6112
6999
5557
8428
4530
2435
7136
8754
2603
6375
9232
7471
4246
3021
1879
1625
7450
2386
8396
9198
4121
3627
548
6915
3418
2086
5420
8946
4863
5689
9569
4799
1578
3615
4292
9262
4393
6609
354
6351
7003
4448
5
7450
602
5154
312
7832
6085
3556
4957
8746
4161
8636
3049
5955
5987
7580
5385
9329
6607
7523
4939
8501
7469
3739
7635
8069
8750
4174
4209
9924
1010
9517
9906
348
2129
8467
1579
9448
2706
9140
8796
3649
8477
4304
4367
1017
9858
4470
4433
1563
3467
4321
2477
6328
6769
9655
4268
9438
2033
9862
3018
5264
9785
4672
3207
5902
6798
4631
142
7650
8280
8229
34
1969
5524
3070
6803
9440
2191
2086
8859
1919
43
2392
7291
2763
2014
6965
405
6502
9815
1450
9108
416
7663
3469
197
1084
6888
3577
9146
1515
44
9603
8752
652
8127
2427
4828
1379
3671
6730
2867
3908
1528
4998
8784
199
113
4818
3267
6489
6720
3946
6748
2565
3717
2137
7990
5073
215
5866
3329
4405
4433
3052
220
7681
2186
6462
1020
6282
4830
9755
8685
7800
6295
2865
3205
8435
6465
453
2167
1180
6487
1443
6053
3270
5145
4268
797
3697
8255
7746
8418
3900
1919
4301
6757
4456
8664
5227
5463
106
4034
6164
6685
6983
6778
3605
2090
7579
7687
1166
3724
8186
5068
8433
2867
2091
3958
106
7754
7393
4333
5023
9872
4135
9102
3424
7528
1612
5001
79
4282
6910
9427
3641
8090
9956
9277
1213
5775
5301
2283
3229
1801
5530
4789
7582
921
2126
1144
1844
7444
1840
529
3912
1291
8730
719
6721
5431
1404
196
5178
243
5897
1212
2706
5356
3251
7092
1091
7371
923
1235
4017
5866
3045
8810
164
9823
5147
7807
3153
4122
165
597
1349
6147
6847
5898
3263
3930
7162
1827
4821
5731
552
1076
2492
9332
8013
7547
6030
8773
1660
3835
899
9896
4329
8566
5000
6766
3489
6084
6288
6542
1926
7396
4596
2418
157
9962
1298
4891
6164
5918
7374
4589
2720
7081
5529
8131
9618
2393
6612
5866
4351
5057
9660
2404
9548
2605
242
9213
9227
1113
8396
8881
1283
5194
4211
4891
2493
8141
5474
3165
1984
6700
5765
1511
882
9673
2261
1989
5832
2524
4964
4086
2871
4646
4593
6855
9375
3186
3653
7612
6252
9889
6593
6697
6790
3814
5324
8162
4449
3716
6052
1921
7107
3996
7945
7673
598
3070
7615
1940
9673
8651
7711
8554
8312
5637
3633
9283
4776
5865
8188
1040
4707
9960
1061
9525
8536
5970
3301
8611
5992
2799
2013
6063
6138
9328
2600
1567
5082
9329
9333
9282
4250
437
5034
1756
9691
5532
6140
8914
6308
9660
1477
1762
6759
1873
1086
2033
3462
9872
5284
3053
7046
5716
2715
8425
3694
6896
8600
3388
9536
8246
9822
9315
6149
255
9956
3604
298
2900
7997
4647
2540
2058
5134
1838
2347
6147
5941
4707
6745
6541
8186
1066
8004
9235
1883
9636
9836
3052
5091
5165
8217
8374
7077
4210
2805
1649
2889
8780
4819
3260
195
1331
6670
472
1213
5743
5847
1069
1032
9210
9985
245
3193
6326
3692
4780
2479
3761
8708
5674
6625
5206
3210
3326
5125
7045
3707
2219
2468
6186
690
2001
1324
9520
3240
1290
1980
3944
6194
6870
3471
1916
6582
9864
4773
834
2905
9384
1874
94
796
5300
8421
9448
5044
8918
2718
8045
288
8170
8014
2024
9779
2175
4434
2609
7394
8611
1817
2347
5397
9029
2297
5913
3400
6665
7221
9474
7678
5893
1889
9389
5262
6734
2884
4803
2526
3144
3758
8598
7624
7587
5150
1640
6522
3854
5823
283
3417
7349
7874
4171
8676
7624
5520
7747
3508
8046
7855
1169
1336
7981
5774
4762
2887
3840
1311
5583
7389
565
2469
3421
8957
7968
9963
8767
5942
3294
8355
2157
1426
2076
8884
8926
5705
9232
6032
6053
7809
3029
4225
4735
1931
6271
4819
1182
3865
1663
91
3676
6581
725
3132
585
332
9031
8777
613
8115
436
5657
4154
6362
4712
105
5110
1347
5659
39
5540
6344
708
9453
4065
5442
887
5576
2775
981
7333
5970
2270
6728
2195
4561
7928
567
6260
2166
1497
6109
287
6999
6502
5932
8810
9367
7347
6489
6628
2294
2654
9637
8862
1494
896
5452
1501
6442
8553
1617
2213
6349
4588
6651
4727
8405
1845
5515
942
7600
800
9512
7340
2674
4653
5807
9188
509
3773
2479
8273
7524
8416
9711
5997
5457
8254
9799
6032
3550
6543
3017
6658
6030
6742
4533
242
8837
8795
591
3059
6829
9225
896
8031
5067
8766
8642
4669
3814
6573
8582
6349
7603
577
9617
9075
2511
7697
8570
5269
8247
6389
2784
2654
4576
4516
3520
6400
9258
2511
6524
9359
7962
7206
618
3429
2469
3224
2384
72
6274
358
2225
7848
327
6816
443
8222
2034
2721
4500
5015
9660
649
2320
384
1793
5462
6855
7863
4520
7733
3745
9708
8611
8252
371
2304
6030
86
1216
858
5189
5202
3556
9082
231
4698
2159
6046
527
6426
7407
8524
8070
3738
1676
2179
4917
2077
9568
8972
3837
6173
3561
4234
1952
8042
5321
8308
9938
3435
2763
6958
8117
6611
500
3167
339
1789
3338
7581
7179
8614
3967
5256
2362
2790
6367
9671
9850
7315
4857
7100
9024
3530
9228
5699
8110
9431
3197
5243
5515
5607
614
6547
9263
8147
648
7832
468
3757
2094
7369
727
3935
9314
1014
3386
6997
6833
476
6882
4066
6074
9320
3650
582
7173
4674
5871
6103
8463
3530
9748
1406
3748
8984
120
9210
4656
4114
6344
7723
4021
4779
8144
5140
2268
5875
9773
7144
638
5015
3268
9474
7941
4092
4248
1081
3626
5843
7909
9945
1275
6808
7855
7402
8878
756
1343
2935
9729
5961
2282
4754
9247
5182
7075
8866
9022
3421
3141
3583
9594
5360
7890
1548
3296
9495
52
1403
4625
2330
1606
2059
9428
4842
3391
4138
6755
9683
9052
7197
1031
3377
9556
3488
7021
8223
8318
1003
3076
9290
3624
2365
8721
5711
6888
8515
8211
5011
3945
1745
2752
8523
9479
1906
1727
6087
9441
1267
6260
6957
1808
7878
6669
8647
1419
8227
5426
8929
6037
1709
515
9801
627
2576
2161
8229
9842
5897
1439
7540
4785
8709
5464
1769
3427
8665
4759
5573
5379
746
2189
1951
7232
3664
1820
486
9868
2487
1172
5575
2321
8232
7116
3479
2111
506
5981
4679
1893
3476
1971
2457
3064
3159
6323
7657
7071
3931
6213
8026
9133
5180
4309
7890
2397
467
365
7041
5688
1563
558
8993
1970
7110
6016
6968
5865
3926
6134
6184
1723
6908
9263
5742
7175
8255
5948
2756
1144
3312
1352
9041
6282
3647
5542
3856
5795
5049
6079
6057
6377
3124
7296
5747
7930
7981
7505
1413
6131
5268
9067
8123
6435
5895
509
4609
7313
8003
7610
8005
3806
6028
776
6085
5925
1824
7545
733
5939
47
930
5951
3840
930
9733
3260
2332
9788
4197
9796
1198
8991
6535
1588
733
3696
2332
3196
1598
6899
3734
5121
8861
9010
6052
7846
4521
3913
12
5293
5515
6699
9285
7837
6534
642
5647
2701
1137
1853
9883
3493
6954
2929
1845
8749
9821
8259
7153
5949
6490
494
9188
5450
4553
6314
7139
200
1428
298
6605
3378
4624
5756
6574
8784
3897
7827
6113
8380
3876
6595
1964
563
4835
8186
3941
4795
7976
2997
857
2754
7964
5758
1914
6242
7700
1328
8023
1567
4498
2573
2218
3470
9575
5751
2022
9586
937
5007
4884
7302
1098
5748
8828
3506
9018
8968
1399
3988
3025
1425
6234
7821
7516
2902
7880
7188
3866
702
1218
3401
4865
5872
3484
2721
6360
9647
1049
4502
8595
3828
6170
4243
6936
4786
9929
8236
7212
7993
4767
2790
2056
5891
6359
5510
6236
3819
736
9498
4902
5093
2843
9208
5097
1757
1890
3775
7126
9478
1611
2067
2443
7162
275
7200
8229
2409
1680
9762
9871
6498
5589
8356
5769
3244
8752
7697
9266
2547
4948
9396
830
8963
7093
3976
3010
9459
8457
274
2084
5852
473
7462
7365
1956
887
2735
423
8303
6853
811
7171
5571
8034
7108
6726
4265
8668
6756
1163
3856
1674
3386
931
824
1607
788
3568
2091
6445
3188
3594
5800
1151
5550
2731
9099
7189
459
4422
956
5789
8931
5823
3800
5701
1921
1138
8798
9603
5284
2270
5266
500
8515
194
7636
1624
1608
4951
6154
54
2773
5845
8699
483
9891
146
4943
1776
1306
7478
4180
3106
9216
4361
5465
9679
6872
1438
7316
8703
6373
4338
4709
1017
6437
6125
5513
3152
5416
8308
9265
6781
5418
3118
6768
5990
6819
5774
8662
3713
7098
2360
3900
4126
347
984
3426
6491
5260
4332
6614
8908
9903
8041
6572
5336
5671
8802
9520
7022
6167
8368
2203
7208
6675
588
790
8880
5962
6637
152
3434
3683
9907
220
5552
725
1949
258
1907
126
57
4755
2694
9255
3418
2749
7997
4726
3129
2868
4604
287
7196
2553
2697
7696
9624
6418
4417
746
2031
3976
7322
3411
9640
106
5284
7619
7860
8264
420
3225
1917
9570
364
7778
2243
9871
3083
8603
1225
7796
3717
4296
6136
9110
5355
2706
2631
3898
2194
9065
4420
3014
4505
1192
9022
3147
2890
5269
5729
2030
6312
8759
118
6928
4301
6218
8339
8388
4490
6844
8493
6127
9522
4137
6561
4536
9564
5915
5470
6387
4530
5395
5771
3885
5783
8443
1490
6546
4455
2129
2678
1327
7658
4416
4116
2726
6326
3774
6585
6630
9631
5519
8849
6443
7918
145
5476
4654
7326
1885
4477
8589
9887
2391
1022
2123
9781
9791
890
4653
6994
6599
3614
9415
4318
7823
3280
5831
7689
1641
9276
5043
1648
7397
4388
5282
5958
2031
400
6765
3352
74
8620
1805
1248
7458
8910
9790
9717
1927
8467
9266
2419
700
7642
5075
2328
7197
9121
2499
9546
5528
108
9114
5419
1996
5131
4079
4810
7402
5552
8769
621
5723
8399
2620
6873
9352
8114
4933
1743
7937
3435
6251
7724
1374
9580
3613
332
1535
6966
3211
1898
2555
8877
9480
3369
9070
2917
1891
5453
4907
7340
442
4527
4299
5305
9457
4396
7301
8114
472
6344
9068
8852
1787
8598
4984
7409
6507
5225
7107
7633
4105
956
3841
882
38
8269
2495
3482
9938
2651
3460
9242
1760
5344
8824
6246
8726
7593
5369
2345
7666
6092
3123
4673
5342
7667
7002
7347
5897
6668
5316
1658
2142
6391
7425
6248
5402
4516
4372
6683
7481
4392
7508
2368
9499
1517
1045
966
6932
4489
4309
7954
5479
4018
2385
8868
1999
7445
9377
1051
8126
4678
6805
5508
3358
2548
440
9540
7826
4184
4497
6182
5070
3490
1551
7331
6212
674
6150
1928
3284
8253
5286
3394
2974
2953
1185
35
7027
1821
2053
818
6446
8544
1546
8902
9549
6297
3848
4861
370
616
1997
8681
1305
8246
1220
8763
2418
4747
5810
9791
4571
7030
93
9435
875
9570
9860
7402
