2150
2853
8713
6275
4091
3454
9808
9083
6705
4791
2644
3329
8334
6947
4809
947
2880
5737
4486
6988
9529
7873
5226
3859
8906
8406
476
931
334
5772
7049
9860
3800
3071
4470
5233
6931
8348
6652
7645
567
4105
3307
5122
6857
772
8004
3123
2310
5791
8024
1308
7989
7337
5771
8995
9113
225
4251
1834
7947
56
3318
6158
3284
463
184
564
4791
518
3076
4815
6629
8728
7383
6228
4539
5167
6971
5958
1010
8800
724
5929
5646
7130
6888
4019
7277
707
1679
9486
1424
2663
206
8911
346
5782
3593
4209
8850
8256
7810
4438
4459
9709
4401
9579
778
5223
5851
8460
8753
5869
3202
3852
5485
8535
1737
3988
4915
4996
3582
6867
2871
5646
721
2275
3277
5402
5104
7484
4480
8496
1143
419
7518
492
9717
4105
844
6718
9813
9034
5806
6222
1617
4655
104
4654
3123
3760
1618
1370
6229
2101
3576
6012
1418
1676
6517
8225
2580
9234
2469
7794
7164
5543
7518
5825
4686
758
7873
2132
7839
8261
2141
938
3167
5569
2323
7626
6545
1399
9316
2813
3930
5361
6276
1306
2126
7484
8731
2632
3494
2189
5990
354
7196
6465
6007
2328
5970
9259
3471
1420
5260
3734
3450
1249
634
675
3315
6376
1442
9348
5560
254
3790
757
6386
3116
9892
5554
639
1832
1462
9523
462
9472
991
6927
151
3363
8709
1193
9122
1582
3174
401
4165
423
262
7250
1414
3975
3578
1263
7582
4824
706
1093
5187
258
6648
7715
4507
977
2406
5598
9171
5792
4613
6415
4029
6488
6627
2273
7407
9699
9095
4511
4132
4239
3335
9716
7777
4224
692
5333
4560
1810
6852
4533
8948
9634
7981
8450
8179
4364
8387
9482
4222
1376
8823
4370
7575
6474
6664
8084
3367
9594
6713
3319
7786
181
1081
5000
8672
594
2124
1394
9539
4714
5983
8654
6958
837
8344
227
1239
5385
4853
524
7813
5442
7395
7753
8829
6157
6299
3514
335
599
4377
6434
4675
4432
3134
958
8529
6567
149
9098
7362
2035
1379
3160
7976
1932
2086
7288
2914
7788
5633
6633
9489
7652
3783
2807
9912
8912
4380
5683
9932
7853
8727
1056
7508
3651
2329
976
7406
742
3145
6975
8090
4846
1829
7186
6650
6561
5059
4182
7392
2708
8795
6563
1812
7382
6295
644
260
9869
2677
2779
209
6410
3894
7070
3136
5892
4166
5757
6337
3527
4897
4061
4077
5384
9957
908
9929
8167
844
8639
5093
4146
8337
4227
7433
9908
517
3210
3998
6564
2188
2472
8459
9336
522
5535
1183
7872
8933
4833
2627
7753
4198
8903
9834
1041
9104
8742
8891
6133
6031
4875
8710
6891
4244
5901
4723
2458
7865
1950
9394
2164
797
3364
7829
1206
4197
8189
6505
5505
7055
5545
4422
9777
3444
8571
6871
5703
2986
2675
3591
3099
7319
9578
6063
1984
5014
6936
7010
9208
2453
6716
3567
6256
6922
4366
9927
7395
7586
4817
9747
4258
5106
8745
4488
2397
3781
1041
2366
6790
1270
6988
201
5631
9349
9948
5213
586
5885
5233
9109
1920
3028
796
7071
6673
962
1333
9937
5770
5532
7020
6865
1056
1242
8726
9321
3753
7401
2413
3452
8638
1720
823
3056
2070
5255
7493
4065
4193
7873
3684
3957
5890
5121
274
945
4861
2708
2411
7393
4239
7928
4949
404
1645
2916
785
3040
6085
8681
2467
3627
6895
7108
9623
2531
1521
2161
3773
1957
7639
5789
1931
5257
5072
8247
1983
8261
1836
7722
9533
365
6014
2789
8755
6652
8145
9851
3065
4550
5702
7328
5918
1991
3428
5773
2344
9543
2193
1208
8311
4738
5339
7836
914
3625
626
4325
1756
8868
6596
3762
2619
1467
6220
2952
1273
9872
2433
4025
2969
8427
3041
6649
2391
427
9753
1235
4681
4705
4912
2625
4395
4461
5173
9058
9247
8719
5500
1328
364
4258
7893
2022
1316
8989
9311
9412
2167
8919
8904
738
642
2132
2205
8158
4144
8734
5308
9858
3289
3925
9253
2049
907
2293
505
7352
1806
3228
6456
8320
9613
1537
7369
219
39
9225
1330
5899
4296
9668
478
9977
6531
3243
3337
2729
1823
4091
2734
5329
6979
9431
533
839
7431
7876
3703
4012
6903
8526
9325
1255
1108
8000
2740
879
967
6573
4654
7249
5981
669
4043
6116
6720
1727
475
6117
8448
8118
9865
798
1982
4827
4102
2249
9450
5888
1341
8842
5645
98
6143
341
3758
2551
6634
1355
5709
4253
8132
9652
8497
6038
5006
7781
2297
211
2836
9148
496
1692
8222
4803
190
5876
7630
3131
6241
9427
8514
9201
5815
2514
6936
7609
4660
3922
9763
6903
6930
2833
2575
3981
8877
9437
58
1718
2868
6703
9761
3435
6469
7589
1990
2080
5030
2294
4705
3929
5357
5464
3659
7419
7026
5337
8455
5083
8832
395
8
8478
4327
8159
7793
4811
6741
7960
9223
50
8284
9840
4850
9000
4274
2775
7682
3353
8311
7138
6095
6651
2010
1850
5405
4789
8356
4323
8537
4459
4987
3162
3502
2541
8504
6255
9357
2921
6433
6882
1535
9001
102
9815
9312
1786
4379
4074
4897
5083
7113
1753
6288
24
7546
6475
8989
8565
3094
4909
15
1714
3210
6013
2733
4474
8475
6527
2348
4561
279
9096
2780
4517
1836
8842
9754
4631
129
9973
5004
9653
1182
52
5115
6185
9819
705
5960
2748
7789
7221
3889
1534
6624
1178
2698
2268
38
3664
5494
4351
1896
8831
3118
4387
8557
8715
7300
8454
653
8063
1560
1803
1375
5902
5661
9528
335
71
7859
9344
6422
4228
4470
4736
8688
1123
4980
921
2958
323
6930
7017
8131
7732
4323
9136
3258
2859
8809
9687
6574
3302
9521
7666
2379
6887
751
4024
8804
5709
7163
9600
5897
2094
5456
7689
6819
2733
4402
2185
8552
839
691
2718
8498
3955
7532
3054
4118
3198
4001
3714
4385
8257
9403
2334
1438
9432
7028
4387
9356
2621
1872
8882
7461
723
2829
6378
1274
