6936
8475
9696
5459
9362
3079
5059
7248
3728
3006
1112
551
1092
7771
3626
3031
5527
8759
6653
891
8532
2461
8273
3900
8186
3192
7107
7769
2727
8657
5553
3350
4673
8882
4858
1539
6182
4785
3892
7920
6474
7860
1708
6230
127
4568
5128
1121
8491
2429
9891
6364
3136
7796
261
6942
9813
161
2535
7647
1540
7452
9484
6584
5963
6116
1767
2223
6122
4084
2838
5113
9427
2000
6023
2666
2903
3562
3325
3828
3729
8540
8004
1389
4843
7575
6655
2282
6107
7928
2586
2815
4783
3315
3831
2187
8956
4978
5683
1433
7517
7974
1021
4963
3843
7230
399
6704
6448
7378
9516
6537
1972
4470
9632
6399
7640
3177
838
4621
1255
7662
1195
1175
1294
6271
1609
3755
3435
5577
6114
3801
3052
4617
2668
8855
3403
8945
8977
5263
2332
775
5388
3370
7572
8995
4151
5925
9575
8744
1263
9154
7479
5059
6205
1219
9406
8776
3931
4216
7950
8326
6189
8041
5177
3444
8553
9022
1504
7384
586
178
5197
3962
9813
7984
4298
5850
7301
9636
1443
234
2722
7942
4420
4977
9200
2439
1581
9685
2793
6269
5242
2638
8461
3907
6965
1342
9153
2789
309
6436
7330
9574
8516
4185
5127
9851
9748
8762
854
1419
1348
4539
4186
9746
9246
9030
3420
5149
1786
3397
179
5300
252
6420
6496
2025
5310
3351
1403
9530
3024
8033
8773
3524
4767
8743
3188
350
9931
838
1460
2571
7125
9045
7094
4922
2802
5928
488
220
8298
8181
8881
9700
5441
1318
8318
5245
1496
6191
3517
1337
677
4481
6119
2063
3794
1640
5141
5636
5966
2947
4151
3078
7929
3565
4960
2820
6435
3506
1337
5566
5247
5626
6
9867
1497
9413
3907
5495
8790
5474
2408
7459
6063
991
7213
9479
508
8330
9675
7966
4519
8672
4860
2542
2844
4743
9383
1050
3457
5294
2093
248
4230
7797
3019
6364
8812
2700
8963
3424
7139
529
1048
2074
8753
8607
6913
6123
213
6761
5406
3380
2326
935
9685
1259
6325
6607
7282
2332
249
8711
1666
545
4811
8041
1926
7942
874
5206
2074
1037
9621
82
4233
2606
9825
8502
4330
3301
9663
6691
1270
4383
2747
9484
7449
2708
3724
7616
2527
3685
6579
600
6419
3789
8582
374
9661
653
302
4027
4933
4690
5951
8065
3308
1309
43
5384
4092
3501
2330
380
6611
5902
1700
378
7450
4862
7422
8322
9524
1992
2652
1840
7116
5506
7236
3391
4346
5906
6427
2722
144
6542
642
3901
9304
7156
841
3478
8605
8203
3359
2571
2868
9531
2688
7894
2042
8696
3148
4966
5551
4483
1775
2163
1832
3561
5331
3116
9635
6197
3540
3245
1427
6025
3143
1809
5160
1283
3669
389
625
5490
7795
6791
1386
1437
6224
8298
214
248
5568
3017
6393
7125
7399
4760
1014
5118
6332
441
881
4163
7969
9547
1824
6831
5690
9785
7316
278
3426
3484
8081
939
9238
5108
2758
4823
7874
2746
4489
3705
9782
814
5131
4214
2611
6422
4630
3366
5900
4520
1332
5220
2591
3767
2255
219
3203
7490
4247
7912
8080
2216
2849
8906
899
8964
3171
7305
3232
8897
977
7600
9289
5323
7192
2170
4531
4048
2922
8754
803
2363
5442
7003
2710
3831
5327
951
4005
8360
934
6191
2274
1632
5329
4084
6349
8137
719
5385
7357
797
5817
4594
7157
7908
7127
3034
5342
6363
7593
6018
9002
6649
2624
5775
6982
6217
5875
2436
8951
8036
3929
2926
6528
6938
8910
4436
6548
8726
4463
2012
1382
1212
3581
7504
3127
1542
6220
407
1379
4069
2822
3994
1380
479
4556
2477
2284
1135
1772
1079
6599
5431
5908
2891
4255
5963
8007
8165
6365
93
1999
8041
2751
2105
4816
1870
8797
2914
4315
4900
717
934
2567
3790
5113
6431
6411
693
4802
1136
4214
296
9159
2936
5071
116
9370
3804
5541
2019
813
6328
1918
2666
1771
8650
9861
7109
3668
2329
4532
6578
602
4682
6596
5738
7898
7759
7739
5547
5917
2772
9319
7767
4272
2282
2505
6512
6739
6896
7994
6867
7548
9723
1955
3089
1234
3736
53
1973
4443
3235
9696
4793
7420
7617
1063
1363
3873
9494
4056
3135
6738
7607
2162
3280
9514
6140
7820
8012
3823
8639
5393
4926
1578
440
2777
9542
7594
8305
5710
2607
5690
3192
8469
2900
2245
7402
7031
377
3746
1454
7610
7674
2645
6127
6834
742
9140
624
9376
269
8199
2123
7987
9852
6350
1715
4811
5091
7853
8826
1638
8432
6964
4622
3775
9509
6440
1210
6679
8389
1331
8157
1420
4163
1054
4086
890
9944
3756
2839
2935
5255
5043
4308
6737
2493
4280
8957
3306
5151
8410
5467
4408
5801
6461
8366
248
2373
7438
1729
1632
7536
9243
7724
1890
9855
5551
4828
4651
967
9169
124
439
7000
4528
6351
4647
7585
9394
8936
4372
9420
5561
3749
1904
365
7790
6101
1348
1654
5962
8817
2584
6507
1221
9020
3660
4521
8984
3395
974
496
7139
7364
7106
7206
9406
7000
3251
2287
5898
6417
6786
7381
2982
6762
8011
656
533
106
4223
4918
4358
6670
8607
7147
7400
579
9382
2877
1131
1225
9537
4301
1035
6451
264
7730
159
4201
8779
976
2755
7238
1135
2208
5658
5252
6832
75
9677
5426
9371
6275
1506
5678
8440
3138
1384
4425
3941
6706
821
3701
8794
5786
2979
4607
5244
2757
3645
3461
7685
5301
3602
5358
6148
2670
4126
1827
6397
4033
1237
2209
8507
6413
3822
9843
8461
4632
2581
7299
3732
1511
3820
4918
6237
1612
4222
9941
8057
605
5144
8611
6194
6254
5806
9131
4953
92
5383
7192
1859
421
6387
4001
7291
6734
9555
2342
1838
9437
4655
4542
5279
108
5712
525
6156
1082
8291
1402
8124
6955
6622
1613
6566
9962
5706
5165
9768
3782
2385
9960
2185
6460
6054
5125
6625
3695
2115
931
8004
4420
6511
1609
475
2721
268
6762
9585
9930
3104
3423
8243
8589
2396
7920
5317
3479
4355
2193
4644
9132
6240
4124
1346
1595
4188
3106
4435
8555
7015
2900
145
4700
9789
2089
5719
5630
8183
6507
9496
1931
8637
7815
4752
5931
5765
335
7851
5625
9582
6568
523
4488
2946
938
43
8006
697
9720
4561
9802
126
8428
6739
4782
1265
3321
8806
8514
4376
3386
8377
2965
7540
7345
2822
2166
4922
8861
8982
8968
6126
4211
4131
7639
4132
1216
2021
473
1028
8390
3252
4867
260
5049
9848
6423
9298
8355
4053
2700
6009
102
7366
2341
4331
2478
8875
2372
4083
2376
1896
2348
1549
6814
829
8718
5358
9476
5891
2820
1725
6099
8285
3232
5715
3664
8580
9330
5029
9562
9979
7447
7478
7959
1560
5472
3493
8145
8964
2704
6642
8631
8743
2359
5129
8744
403
6071
3369
5668
1946
5108
9024
1687
4652
6465
3563
5104
4004
7080
2812
5835
6043
8932
8369
37
7043
9666
3277
4881
9206
3520
6573
5746
7982
5723
891
5765
8932
5111
2266
6013
254
8548
4108
5741
2506
9226
1006
2107
5390
5586
1294
3826
9128
5944
1479
3366
5545
7160
1329
2493
4464
4277
6960
609
7533
3725
3904
8440
8920
821
3292
160
7182
1141
1721
6924
8864
2294
9664
7869
4054
248
5044
5616
2153
2487
9485
5141
7116
8918
1008
4022
7803
6139
7332
3058
94
2966
4094
164
2404
9017
3374
3426
7774
8723
5778
4789
2648
7446
884
8204
1704
4623
3723
3134
4876
2213
8820
8425
1171
8730
3519
3266
9122
8898
9264
3070
3005
9236
3670
5306
8525
2617
193
9931
1613
8641
8147
8450
228
2419
1942
110
4814
7796
6167
4204
7253
5983
5571
2318
4414
3618
4536
5920
1657
2573
2054
8314
2018
3734
7527
3657
1898
3742
1091
7977
5892
5880
3145
1160
274
5616
3025
2872
3190
8612
5698
3171
7330
3422
6528
5682
4863
8744
7925
3490
189
4345
4651
261
9230
6578
2390
8872
4643
3381
705
7384
6703
1741
3819
8445
2193
6761
5611
5575
4488
4255
4040
5125
2890
4114
8330
6901
1311
6975
3727
1154
5181
6413
3896
4786
2503
3466
3567
7178
3330
7175
8450
7907
6549
1211
3723
2285
6385
1071
7871
8228
1998
330
7173
6595
7189
4810
2969
3806
9988
5903
4945
4211
9228
539
1951
5477
1631
7056
6589
6709
6188
6103
7191
348
770
5040
9764
7620
5177
2374
5286
9645
565
2502
640
1132
7661
2667
3298
7832
688
2252
5825
1605
4100
7706
3895
5493
6963
6498
9869
5972
4028
6303
364
7085
7101
488
4543
9246
3906
3645
5398
9013
5327
2419
6213
1528
8322
6479
3656
991
8681
2888
3330
2639
7760
7713
6382
7569
5529
9559
8474
5274
5372
8892
6053
1222
6978
58
7292
9269
4144
3882
6572
2493
7462
5329
6759
9784
7412
6368
5755
8714
1701
9610
4444
3039
89
9704
1039
4324
2958
6568
6734
8943
6761
582
2987
9091
6619
3769
2272
2514
4579
5505
2677
9294
233
9860
7674
7425
184
2680
4816
7454
2576
3329
40
9704
7365
3918
9764
7912
8438
5879
5681
4700
6195
8934
2851
1077
9168
9012
2694
3629
4444
6036
2316
530
5316
4670
3066
439
3004
1588
5102
269
6722
5158
2560
6476
364
1744
6065
1718
8508
4162
953
2515
6892
4276
7810
6062
7489
4096
4676
8412
7074
9823
5309
9955
9379
5982
6593
6994
4384
3310
1762
2420
993
8399
2701
4732
5275
5964
1792
43
4332
4226
3053
9567
4996
4788
9088
5488
9073
1492
6565
506
3391
3097
8647
6985
9997
8787
5035
3658
2140
4518
2310
6108
9310
2789
8936
3165
5503
4307
8739
3981
5894
3382
8646
7564
9719
6275
7524
8711
7454
2943
4081
5770
698
4356
4725
7125
909
9599
781
6489
3066
3788
6995
3945
2894
6483
5109
2852
5114
9563
4462
308
4107
9009
5529
2173
5698
4967
3321
8855
1199
9010
5198
1854
1265
6609
9250
9373
1848
3621
5430
9913
7478
9914
3637
1023
1834
4894
7804
656
798
4200
5864
9028
517
9807
8564
2964
5755
1838
9642
7729
1927
3654
6776
3656
2610
4515
9378
4005
6887
6723
21
5487
4870
5687
6656
8168
9446
2428
2629
5237
5592
901
2677
1285
1875
2184
1991
4433
369
8344
7359
787
159
8560
9304
5688
4628
3628
6703
9556
602
912
1788
5432
3255
7476
3158
9584
1717
9037
261
4785
6214
7268
2997
5799
5501
2069
5242
4300
24
5914
6948
1691
504
5044
4543
6478
8403
9335
800
9826
8338
6850
4656
822
8385
6265
1150
5285
8492
8904
9209
7506
7434
8688
4351
4144
7120
4401
7784
2690
8233
4150
4755
3944
7502
8366
5296
4179
6227
8582
8732
6874
1149
211
7482
3355
7582
1967
1354
1540
1915
2431
7461
7538
5998
6856
5948
5193
220
1025
3467
810
7177
6336
3940
2442
8058
1388
8704
6120
1750
3170
9950
1700
2341
4420
9925
5165
234
6630
583
1660
4501
2334
8588
9283
8296
3536
7745
6719
5776
9072
355
5310
5438
4717
8388
3516
3338
4514
9232
4536
8176
7031
7233
5346
5445
5823
250
2958
6938
1610
2899
1144
3995
1266
1251
4000
4798
4456
5754
9996
9141
3836
9869
1465
801
7030
6456
152
447
9901
6565
1250
3679
942
4523
1980
9049
1101
4228
591
5463
3608
5544
2253
2695
3167
6204
5344
4519
8173
7119
252
3561
460
1338
3060
5656
9473
9088
3004
4071
308
1321
6301
6350
4348
1459
5486
1681
5024
3977
1374
1812
1502
9749
8098
4942
582
7916
8070
3236
7502
667
3008
1047
4384
851
7967
7288
9262
7354
1470
9093
1148
1258
4681
9384
9671
1006
294
8024
6756
1973
3761
3367
3474
2329
3690
1439
3964
9351
5200
2625
1921
5743
7401
6441
8907
6106
5064
5292
4013
5548
5625
5137
1046
8087
4535
5227
6772
4547
1847
8436
3083
1024
8646
1403
9100
1149
2597
3367
909
2695
6854
830
1645
7403
8975
5346
7840
7649
7075
2144
3483
1135
1753
9858
9835
812
9220
2907
7852
7182
4729
9017
8231
2570
2352
2545
7814
5467
4419
7545
4319
5025
3186
6318
2920
9046
5557
3084
3292
9905
5327
5801
99
4726
7065
8968
5586
32
4306
8912
659
6881
8255
5219
4898
3195
1854
8991
4711
8973
9137
775
2576
8129
2657
8976
7539
9169
9552
3904
230
3037
9334
782
1017
1453
3410
1188
5611
9566
2432
12
8880
778
8164
2553
609
8657
7260
1162
9224
2359
8317
1825
7422
3681
8010
8039
8668
8191
6165
2733
6195
891
159
9548
4768
3362
2555
8415
533
8765
3808
9736
4582
9868
9329
8003
9674
3373
4180
2677
454
8318
337
1069
6676
1827
9366
7566
7526
7696
3981
5654
9145
6715
1608
4119
5509
7090
2635
4432
1082
3097
1647
6286
9914
363
1253
2927
6057
5261
964
545
6935
6722
6487
6750
1004
1088
1989
2252
9453
1210
595
8921
9329
1465
357
6515
5575
8212
6007
7637
9432
264
6409
9662
7799
3753
6350
9650
5771
3963
7403
8794
3478
7729
2517
6200
949
592
1945
9614
5927
5632
5877
9364
8949
9200
7826
6256
1383
5309
6872
6197
8559
4262
4802
2979
3139
1201
5702
1240
9029
3157
2774
1389
220
8956
7201
3732
206
6035
7875
5604
2637
5280
8254
3357
8502
7444
4463
5010
661
2447
4394
8426
5613
4803
6095
4173
2887
3904
1742
7734
2024
7033
1178
7011
2589
5172
2866
7521
3411
4900
5667
770
7117
2193
4819
4748
2964
8767
895
4912
6132
9133
8222
4102
4464
8864
145
9798
427
7947
9900
950
9630
5950
4631
7294
9090
8912
2612
1022
5262
3709
7975
3176
722
7745
206
4592
214
4638
7572
6574
6782
4322
6769
2244
5991
655
2620
1783
2123
9064
7124
8464
1596
6069
3931
7900
2066
505
9510
3920
7894
9365
8544
9036
8721
4402
9012
3202
5909
1377
8675
4130
7593
9456
749
982
3250
8050
2235
3041
6432
7241
9791
3431
2202
2633
1373
7731
5425
7389
997
6994
2608
4133
2138
8321
755
8725
9695
4794
6346
2957
4132
2226
6157
518
1318
6266
658
1872
7352
42
1639
899
9360
2396
6061
9807
365
294
629
9175
260
2810
3525
5261
3783
9978
975
6402
3526
9035
2556
240
7620
1617
3781
9690
4365
4749
9152
954
8896
1743
631
2009
7014
4210
8069
8511
6454
8031
6576
6808
5985
8992
9458
9235
8229
893
5399
8789
8988
3597
833
9340
3364
4561
3828
3197
3486
8440
7586
1798
6437
515
1520
3605
9558
4251
3225
9361
2391
1042
855
3120
8549
7651
8371
9958
5624
6202
4248
2329
4355
497
1467
4955
3329
2158
547
8157
7794
5904
2067
8181
6247
8853
2875
5914
1319
6204
4721
6353
2946
1856
7820
4183
2303
2086
5434
2205
187
9444
631
6070
7201
1083
9943
1593
1568
7545
1443
3009
4479
4019
1236
7258
4838
9509
8955
5458
8167
6711
7717
7493
9288
2642
9860
9885
8080
5264
7610
4918
4842
4062
9448
9400
4753
5236
953
3843
5350
4330
6610
6693
9545
5081
4375
9137
7356
4032
7659
5240
7265
5616
5050
7176
4066
3037
1833
3585
5359
5648
1352
5969
1358
3066
2110
2631
1857
3846
1704
9430
3870
6565
1593
2610
1196
6699
2207
8561
940
3117
8267
3681
9361
6717
1909
6544
1525
7189
257
2534
2189
418
9422
2148
8651
251
6847
3127
4954
156
8654
9171
2992
6544
1224
9935
576
5609
1596
7384
4405
7473
9757
7465
9442
3823
7195
2265
4444
3604
6955
8047
3853
935
6218
9526
4052
5717
1441
6590
7414
2729
4104
837
1390
1251
613
6791
85
3235
2703
2764
9350
6751
5807
3459
4419
709
5074
5254
2644
2863
909
424
9206
7477
6606
9223
6366
213
3250
299
3680
1707
9192
4824
554
839
61
5752
9500
7537
6215
7164
9416
7630
6131
4708
7081
767
3783
1305
4856
9511
3749
5540
6488
8571
622
5527
8033
195
4540
248
1252
9045
3163
630
7244
8374
5438
1215
5186
8421
8503
9641
7969
6117
6744
6195
5245
5639
1885
1728
9086
8311
761
8137
2424
3612
8162
2085
4869
9402
7034
81
896
9420
7435
3022
2863
6349
4715
4433
4862
1386
8293
69
1559
8745
5318
7229
7996
1379
3450
3149
2112
4496
1421
1334
7504
1858
5130
6503
2488
4495
9484
8739
8853
5007
4331
6471
4524
4141
935
9523
8910
4354
886
6514
692
6900
9939
7265
1900
7716
502
2630
7963
8445
7956
229
4827
9914
5279
8689
6729
8487
7610
4641
5341
1661
6339
796
7219
6666
5035
2538
4604
2979
9710
1875
2971
5009
1048
3209
6337
7490
8203
9830
5244
452
3660
9121
8808
8927
8871
3031
2860
3395
5370
5799
4098
7175
3862
8125
9793
1287
6781
3919
5944
880
4546
6788
9875
8588
4139
5829
6969
6966
8273
1383
550
6776
1470
3292
5920
9678
6744
6784
6672
253
1042
3097
7293
6827
6712
9124
7552
4989
348
3744
6433
7362
3652
3242
7054
3185
1645
9896
9361
3111
9575
7009
2316
6112
2328
8547
6511
8972
7504
424
4252
9506
4047
4420
3904
3211
5973
8112
5377
2750
5609
8481
7259
8277
5631
7253
59
3878
9569
6413
591
9203
9642
3751
8838
2486
9282
6989
9548
3077
6447
4200
5324
3945
8913
4800
7973
953
357
7904
3455
5492
3643
9648
3729
4036
3573
7034
4790
8937
7722
3068
630
7948
1589
5602
4942
714
6903
1956
3086
49
6271
7332
8863
4727
7415
3602
9206
2659
5741
9637
3156
2298
1803
6171
5756
9779
6781
2873
7814
7657
5747
3733
1203
5213
5749
4496
9926
3426
6734
4917
1123
4222
8735
7656
1939
5792
2814
7477
7036
8788
7514
5069
3633
6355
4397
5409
7164
7336
3507
60
2941
1044
5447
8308
5315
2192
4625
6251
9092
584
7352
3894
9425
1555
9195
3066
5697
1378
413
3810
3675
1812
8360
1764
1201
4704
5208
4207
1137
4949
868
659
3015
37
9789
6871
7996
8065
6882
3204
9702
5064
8152
6584
8332
6040
907
8515
8709
8050
389
2348
8029
3112
2152
9822
7024
9346
6094
6239
1379
8421
3239
3751
8875
62
6514
3268
279
6636
3693
3725
9462
9028
7466
6231
5120
2053
4632
177
7987
2976
232
1303
9197
3966
2136
348
187
126
3999
184
8290
3110
1230
9983
5352
6888
2467
9774
1208
3003
4867
1846
6037
7986
246
1547
9291
2441
1954
6786
965
3978
6444
7490
1416
5440
7590
1592
2950
9918
1266
6829
1482
7576
9332
3685
1252
1099
7979
1588
7364
4169
6467
1150
9989
3805
8938
8699
8450
7351
6146
2253
8295
3673
1267
9194
5185
6507
6492
5148
3226
3864
7297
8427
5683
4427
7201
7793
764
5486
3183
6920
7497
9425
3762
5315
4856
8372
4603
6175
2737
6404
6410
6162
8767
5512
3506
7813
836
4413
9608
1535
6584
3055
5631
1992
8184
3070
600
8456
5822
8808
1433
325
4140
1323
2702
6050
1154
2554
341
6258
4202
8231
1365
2444
8712
8704
1969
2070
3831
1653
2500
7323
3727
9579
2968
5190
4125
3574
9408
4869
3587
2156
6157
1201
3855
889
8482
7232
7865
6959
8538
283
1800
6936
1589
6877
9288
7584
7665
2769
9772
3172
2742
20
7494
9738
3208
5106
37
7843
3010
7458
5034
1692
8059
7456
8086
7118
606
488
1352
4543
967
6166
2586
3605
7800
5037
1522
7189
5060
7711
7122
1576
8465
7870
2513
4650
1253
8952
6068
9460
4153
9434
9996
3314
9335
5066
3789
6686
9538
5754
7011
5265
9306
5650
1364
6244
2348
5661
2158
4445
365
1461
247
8360
9656
5919
5948
8868
2865
8382
5298
3289
1725
9124
7582
3405
5171
5693
1384
1354
4245
9004
816
4869
2414
5169
6349
428
4850
8848
5738
9945
5808
9934
1341
1106
5037
2513
4298
1
8699
3717
410
8651
5323
4163
4303
8262
6444
1882
4218
8628
3267
467
3656
3098
7633
5521
6879
2546
1956
1691
5379
8386
7096
4118
8033
9929
196
7460
9396
2922
9642
4966
8029
246
8202
8684
1337
3905
6615
3416
141
2976
2093
9010
7431
3210
7936
2482
1429
4623
2952
4974
2755
4627
3995
9908
7173
3169
9927
5682
7627
6271
1460
3034
8997
7588
3658
8399
7649
7839
1554
8242
9454
5390
2931
8970
2868
4088
609
3864
8958
6001
1032
3439
2416
2211
9409
7164
9534
4714
6733
4480
2925
6927
1408
7181
7606
2462
155
3035
2681
7653
1996
5629
333
18
128
5524
9318
9543
4836
6446
6381
8627
5506
5324
5488
5697
3233
8176
2040
6485
3601
8218
6527
7999
8126
4430
8745
3313
9234
5843
7803
6517
6370
3547
8671
5612
1619
7707
8930
4794
8966
502
6989
8480
4839
7082
603
7673
9811
8168
9470
4768
8872
269
7737
6575
9379
8110
5913
3371
4595
4338
9400
8039
6588
8769
3003
7295
8378
5155
2049
7872
9782
7195
4482
9380
1576
3841
2662
2825
4217
832
9334
5460
4101
4729
211
9445
8850
9866
3331
7954
1827
5332
6735
7907
9500
2048
8432
7919
4017
3547
2569
6373
7203
3035
5233
7393
7654
7284
2402
6128
4474
2091
6768
8343
6298
5178
3866
4515
8490
8630
6158
678
4352
7766
6616
4683
8006
1982
7015
9342
4362
8456
6606
636
8686
1622
391
6270
2090
9775
8729
43
8129
2554
7756
6001
1984
8695
6922
2529
5159
3117
1926
8663
3300
5927
9968
267
3291
9790
9382
9470
8330
4941
4616
538
5864
325
1352
579
1753
1898
5629
4367
3385
7988
9413
5398
7584
6150
5567
86
3925
255
4151
5585
1303
5109
850
4
479
183
2150
9739
6192
517
3021
3733
562
7462
294
6568
4528
2666
8101
4737
1988
6525
6795
7556
1043
33
370
6034
5737
3649
9823
4914
9735
5357
7844
6754
2770
8132
1742
3932
4955
4220
7935
8216
2682
356
7163
8676
1553
3390
5650
6005
4175
4234
7250
9571
5983
977
7788
8597
3365
1545
3327
2113
2396
3341
442
7257
2934
766
4104
7732
587
3263
6530
4535
4875
119
361
3473
4250
4576
796
1763
5369
5538
1755
2915
7170
5894
3691
1007
2423
7835
2373
3620
8228
177
2585
2734
4184
9456
9765
8538
3790
850
6793
5574
4467
5475
3116
6473
1960
9350
7834
9342
9571
1033
5074
9388
4649
2615
1095
9973
1297
3155
7550
5382
2021
4546
3572
3854
5579
1583
9022
8112
2807
320
9169
678
3153
6974
3810
9120
8704
4059
7359
500
5683
9025
9150
341
9085
7468
8246
5550
8478
4515
8716
8510
9750
6573
2070
7340
2329
9891
8587
7011
5017
1569
9195
1967
1244
5779
575
9774
1499
542
1802
2376
5220
317
9600
1840
9284
9740
8463
3315
1480
5411
2967
27
2488
6861
814
9631
2257
5319
4094
6257
8307
3144
6206
9044
3305
1969
7672
4464
60
2027
3668
8460
517
3610
7691
4776
8556
5660
5173
4854
6066
9360
1554
8772
1678
4371
1550
7929
2225
3019
8178
8088
8923
6828
3878
4392
8548
4394
7707
4127
3920
1850
1513
6707
1282
8517
6366
6195
4644
4081
1045
3552
3777
5764
7613
5528
9351
1868
2132
9125
5696
1878
8722
1592
3042
2972
5941
4006
4029
1297
4422
2163
5381
969
9057
8000
8865
5225
8854
2840
3408
5554
5495
7888
8576
5031
8698
384
4662
86
4551
8358
818
2332
1646
4441
5738
3784
9038
1391
8236
8410
9080
8779
6714
6982
6843
595
3805
8264
4742
7312
8832
7707
2567
9237
8622
7396
2541
6160
91
7403
5956
9412
9873
8220
9902
7636
7424
5834
7139
8112
3582
3671
8126
4980
4256
2743
4378
3911
5034
7624
4549
8794
8678
529
9534
2400
4742
7464
6087
7874
3512
6147
7801
3751
9205
160
390
9593
2051
6403
4419
4671
4294
4873
8267
9322
3853
6555
9078
5734
9782
5073
7235
8575
3384
4856
9838
1594
7253
9890
4240
1932
1117
7140
4825
8302
4233
430
9963
8500
8062
6254
4735
7270
7680
2765
8796
9714
5516
7655
8863
6750
4367
1749
8793
5686
5154
3551
2115
4920
6682
3305
2178
2267
7984
5731
2351
6930
1181
4912
4114
2004
1518
4410
6601
7936
1991
6882
4432
1348
413
9181
2036
2626
9061
7209
2984
9140
3696
6468
4080
1073
5184
7109
9409
1512
1915
7185
4383
7239
1456
6837
7667
6666
9497
2763
403
2153
6803
9234
30
615
2480
3827
2736
9845
1713
4846
5566
8130
3363
9027
6556
5497
6533
3593
3971
3054
7624
5757
545
9185
8533
9580
8794
4215
5394
3793
8744
811
2890
653
4551
9092
1222
8091
4451
9961
5453
3210
8940
1442
2129
4264
7956
1693
7614
7004
3842
56
4610
6301
3697
3628
1299
4839
3015
4175
5853
583
6282
1834
2279
7331
6541
4339
8061
3504
4415
3856
8404
7901
1207
7290
7721
877
1114
2104
8743
9752
9198
4894
7707
453
8503
8811
5613
3837
5823
706
6908
2032
9390
7811
8089
748
9807
4993
3881
4899
5257
67
9597
4473
1528
4615
1204
7833
2898
8467
9866
9321
2611
1503
592
5441
2179
8153
8129
1477
2022
9535
832
6873
5248
7481
134
4512
7393
9222
363
7989
3955
5025
6991
5488
5530
1597
2646
9177
2971
6600
6259
8660
6030
9293
6850
9205
3898
6235
8203
7683
1337
8438
9660
2325
5293
8310
4475
8252
4194
3821
4616
2789
7060
6715
9087
6130
7278
1438
6901
8091
2452
1571
3652
2274
5854
3691
3092
4042
3483
7609
3146
3258
6101
1586
8885
1862
959
5682
7135
9542
561
3686
6688
2341
488
5869
4037
4787
6899
9032
9138
347
4324
8539
4297
27
4410
1745
8041
8668
8001
8245
8191
2941
2834
8354
9869
4242
771
9018
5188
5640
137
9637
2092
7047
548
2524
5673
8200
4954
8528
6892
447
7872
2482
7134
917
3698
8860
5144
8621
1723
567
5830
6973
6585
563
8028
1831
4199
4219
2419
8692
3878
7275
5603
2277
1941
4773
7939
5307
2896
3692
3708
8241
6293
4595
4376
9754
747
2782
7852
8185
4622
5484
3659
8182
840
7080
1435
2544
7891
9457
1811
4041
8577
6703
749
1313
7046
9948
7005
3021
1259
3904
254
2061
6392
3575
3918
135
5312
6878
4215
2961
6466
2579
8344
3053
9324
6838
5634
3184
446
1976
8325
5269
3545
3776
4632
8964
9853
9716
5203
1107
5505
5089
7855
7390
2341
6117
3087
7711
7198
6162
5781
8097
7369
1929
624
2174
8509
255
2099
7527
6827
4253
6957
5358
8444
5641
9214
8674
2598
9207
8373
4626
7400
4117
9173
8286
8831
5841
9519
8996
692
1961
6082
6340
5278
9049
9793
6162
9547
3036
4723
3924
721
1970
2076
8226
1709
951
7736
9250
7437
4142
4155
6499
1279
7787
1039
9006
8858
6535
262
9509
5110
2895
1310
2604
3289
9687
7417
3231
7109
881
5114
8522
3595
426
3738
6012
526
488
9189
4672
1233
615
4748
4400
1542
8446
1717
4998
8206
9965
6116
4512
4552
5486
6074
454
5593
2381
2520
6496
7795
7096
39
8020
6476
7715
5778
9148
333
7989
2731
2498
2682
3149
8859
1488
8708
6525
8287
6808
8246
694
8317
5996
7973
2494
5354
1616
6320
9411
4688
8251
5084
5992
2756
5047
9170
1410
678
9278
1461
9700
8088
5638
8239
1013
9752
5987
544
969
1197
6578
9817
4722
6415
6177
2226
2494
6825
9969
5873
2856
2395
9075
1978
4304
7625
6740
3885
676
3947
3982
5765
816
4034
2665
4526
3229
4357
7320
6758
9880
4245
4638
4343
1607
4989
9552
1881
9081
6531
4654
2832
4015
3816
506
9062
6228
4751
5340
9353
359
1468
8878
5637
850
4069
1196
8035
5292
2693
3453
3806
1733
1151
8378
9118
6982
2419
5063
2684
4453
9154
8094
5983
729
5391
3036
5005
7421
8224
362
678
1095
4420
5964
8840
4704
2727
49
6566
8078
6336
5215
1283
4670
191
4043
1048
4286
883
9634
9517
5024
2067
2324
9734
4504
9258
1089
2638
1940
1399
5953
4330
4484
411
5990
2696
4014
5561
1974
7571
8563
4716
282
1205
5355
7808
1150
9482
9623
1900
3729
3704
5598
5656
8205
783
2165
8191
4629
6876
282
3975
1203
8950
7596
2212
7569
1528
2420
2677
2121
1068
3004
3349
9432
7713
8083
7209
5564
4874
9130
6124
4008
5401
2103
3598
5628
4328
3054
5053
9382
6213
7840
7656
1296
3705
7659
6601
27
2802
3671
9212
9186
2481
6480
4973
9105
7389
1673
4974
2577
5141
8793
4444
4371
9411
5128
7217
8602
6672
3776
8244
4211
1094
3413
3880
3214
679
2922
9702
1332
9406
8877
3122
3847
4478
7941
9029
6911
8846
6496
632
1806
5668
630
7166
8936
3526
2045
5515
5292
7154
1732
6133
1015
7588
5358
1559
9808
9361
7908
4891
3707
6984
2181
9676
8411
1782
4744
4262
1523
5624
2141
8778
559
8477
4099
42
4665
4074
8038
8388
6676
6420
9001
9112
1069
163
8060
2356
1061
1917
6770
8682
89
5068
4608
5928
2844
8871
3873
2468
3082
6648
5577
8490
1402
7126
7840
6676
5020
7999
9672
2550
3747
6609
7146
4004
5998
8187
5156
539
4093
5865
5248
2023
4842
5299
593
1921
5146
1237
449
492
4672
6610
3357
2717
784
5707
5660
2599
4715
9697
443
3176
9552
833
8043
2733
1091
2160
9768
2353
2749
5799
7907
2331
9589
3927
1769
8490
8884
9784
3368
1052
1541
1374
1733
9304
4463
3243
1701
2911
3957
4473
3388
7031
5969
8025
1925
2618
968
4247
4883
3385
7682
2204
9857
6230
3765
9381
3536
5929
4473
5213
9777
2111
2111
1548
3394
4340
4788
494
2956
3875
2893
3670
4773
5001
8576
8724
7883
9415
9351
5789
2330
7626
4131
9286
2100
3526
6777
1156
7292
155
5107
7363
6527
4412
9017
5007
2004
9781
372
6764
8533
5672
4808
5363
236
2416
5565
3045
9284
9362
4873
2053
6255
8095
6210
4096
3707
5117
6599
8235
2613
3344
362
2947
4345
5298
2832
4362
2667
4345
8643
7274
982
8556
8943
5529
9794
2476
1293
8265
4686
8469
3939
3995
6210
9007
1064
7101
4537
2933
6484
7090
7226
8220
7482
1108
6168
9311
7925
2465
8788
4651
5061
5925
7243
6153
9835
9629
6133
9963
9097
461
5378
2578
5823
4647
7906
5865
315
5713
912
6687
817
4831
1198
5431
6987
5280
2566
775
785
9885
3695
6580
5298
6237
2229
7716
4894
7198
7020
6487
2510
6246
5750
2147
8439
5648
3619
8830
1997
7689
8524
8578
2936
7274
6598
5771
8639
2056
7721
2974
5115
785
9126
5036
4459
4633
7278
707
7709
5527
7444
3777
7265
8359
9624
9934
3413
2853
6031
9063
1355
170
2793
3022
1996
297
65
5040
6983
2174
5434
4122
7920
5500
2614
1964
3157
1617
6405
2467
4200
2806
6059
7127
6950
4817
3369
6655
7595
3603
8386
830
7126
9098
7354
8232
7474
9707
8777
1863
526
2806
8602
7685
4879
7034
3958
2539
1244
5888
53
6619
7718
1455
3485
7243
7328
245
4606
3429
2299
165
2225
9554
4554
8317
3201
4952
8583
4357
8560
346
3979
3927
5949
4041
835
1876
8943
638
5457
3795
3966
2432
9297
3641
3062
5784
1461
2266
1458
8340
327
2683
4400
2680
3386
8721
917
6838
3717
4957
3017
582
1632
2800
7611
7953
1213
5898
2235
4368
9054
1729
516
5373
9983
6315
9800
5105
1321
4577
8577
3650
2872
4561
7433
6393
5312
2112
4037
348
4501
4016
787
9912
8732
7247
4024
8433
5050
4024
3144
7953
8926
5898
5921
8914
9749
2794
9428
6564
9729
5565
5645
3234
7713
9500
9055
8338
6319
5292
9143
1074
4346
7463
5887
2238
2688
6078
1821
734
1701
9550
2632
9039
5455
7777
1600
1184
7021
4966
2637
2790
7794
6179
277
8641
9539
9439
9078
1707
2497
6736
3797
5103
2491
8921
5467
4702
419
5024
9418
4037
5871
6925
4873
7744
2291
7888
67
209
8118
7910
6572
2187
4089
4948
8892
4731
7380
1850
684
5748
4927
1943
1822
5525
8828
4826
5168
4788
5544
906
7898
1613
2954
128
2414
3865
3964
3861
3331
3273
7881
7444
1090
6680
603
5808
5246
4360
4298
512
6867
8393
8590
8106
7912
3036
7425
894
3629
8598
6886
7795
4182
8112
4985
348
4268
3435
2456
1472
8617
2629
25
1229
6300
2618
5939
8428
5136
6085
2600
1692
9257
8584
6189
618
4902
1786
1750
4502
6846
4856
3188
3385
4323
1434
6206
2112
9112
7656
1170
960
7142
5606
9226
3701
4628
3381
135
8499
1354
364
7909
119
5391
2157
6442
2442
7718
7347
3349
7611
131
17
1663
7255
6122
9420
7791
3111
8195
1099
9178
7036
4746
4734
5307
920
832
5346
6606
8660
3721
9079
3196
549
7359
5532
5822
1537
2784
5584
439
7836
2301
6046
3880
5220
5957
6589
7613
4085
7700
7471
8148
5604
2896
8088
7651
5708
7683
396
7294
2645
9961
8699
9472
5482
8569
3984
1360
5786
2264
3218
2278
4346
8989
1935
622
9805
3138
2198
7550
6387
2213
8694
5290
5419
8956
8473
7467
7247
9941
9294
8343
5778
3247
3672
3894
9650
2191
1575
3139
5044
305
9353
3489
9679
5132
6673
9692
1248
405
6444
3672
6952
5439
6914
7081
7392
975
7899
5127
169
9251
2109
9373
3175
1705
8974
9221
9541
8225
4746
7315
8529
5462
1444
904
6604
7703
9906
5371
2796
38
1838
5175
1510
3846
9749
6865
7928
8055
2231
3277
4201
1459
673
7543
2940
3569
2362
2109
258
4843
3201
1790
6215
5068
860
8397
3609
8221
3567
2967
275
2545
5639
8817
7938
1655
9480
5946
190
6759
1518
8967
3032
5500
5068
8038
2196
8173
9398
1064
3224
399
944
5656
8505
4302
5508
8505
8439
4350
7806
3985
6265
4052
2623
7095
3556
9437
8877
2685
2267
6589
6693
5091
9188
7326
5024
6054
1819
7556
2395
2493
488
4867
1692
670
472
8857
2962
5053
7820
2517
2629
9805
5397
6228
7011
7248
2942
5521
2847
5406
9637
4585
7681
2086
7692
9253
6795
5876
852
5718
3402
4770
6461
7598
8073
6382
691
6633
2617
7346
7676
2789
21
794
569
9662
337
2642
9630
6469
7569
3975
4590
1087
8952
7995
156
4455
5356
7360
2700
4348
6354
329
940
4614
6986
5516
9709
2746
4244
1677
1932
1836
5197
9358
8835
3777
7030
5042
7540
4617
9651
227
8940
6861
5833
6681
3971
8026
6855
1479
8719
3472
7042
1362
6303
3872
1333
4850
8102
4146
5723
2796
2152
8836
5255
2896
4039
445
7230
6997
311
5587
8216
8916
5413
1852
693
5713
2684
244
5821
857
740
7163
9685
9920
2929
4823
3776
8403
7996
4236
5308
4523
6361
1532
1357
2471
1558
1149
9900
4196
4628
6894
9438
3363
2430
1090
742
8573
9669
3043
1208
3432
879
5874
4679
2111
4484
6201
8831
178
5327
5798
9132
2839
3604
5912
2365
6594
9959
5202
2208
1043
5099
597
211
5143
4624
5936
7225
394
7738
2229
2037
995
6741
1545
155
9981
6898
3992
8013
4180
7447
1249
7584
1141
3400
8853
5302
8988
6798
212
5068
3393
3209
7565
4224
8026
5259
7183
4493
2787
2520
9008
9472
9853
5187
7599
8359
7538
6766
9406
7017
9075
1176
393
8872
4550
7404
1655
5079
3751
1488
5323
5095
5108
6392
9805
4482
6811
4036
1491
2044
2541
6567
7397
6663
5302
7969
9738
3934
4140
240
2638
1225
2424
1190
2559
5386
5449
9504
4175
4304
1870
9497
4014
8946
6381
6193
8606
8041
1581
7394
8216
3476
8798
9122
114
6684
6741
7045
9719
876
2668
7815
8037
277
4762
533
3321
5218
7199
6972
4838
2597
9198
4205
7197
5543
2913
5651
8189
5436
5569
6362
7867
4398
3506
7361
2138
9141
433
1863
4689
5286
5012
2743
6339
2379
868
7962
4873
2125
1632
4595
4917
1809
9062
286
9649
7658
3308
8305
8559
1445
40
953
7236
8035
4896
1456
9325
989
7651
2262
6816
5315
6444
9595
9318
319
5330
2197
9070
679
7567
1037
3777
4236
7985
6787
4325
3181
1401
7112
249
5499
979
698
8396
4034
5349
5648
1208
7335
5514
8606
4807
6846
4924
1135
9730
1997
8539
5670
5751
185
4805
9132
1430
9923
1771
7737
1880
1896
5591
3609
1389
1228
1775
3837
4151
2850
6669
8790
6237
595
2195
6643
9440
5489
2832
3743
6343
2666
4093
1485
6388
2187
9431
4016
2541
1139
2908
384
7346
4360
9205
7031
9918
1869
5834
193
1414
2143
7636
193
1847
4025
7145
8556
4049
6689
2428
4032
2128
4847
5904
771
8387
4691
5096
2714
8255
7940
1466
1861
730
3047
4866
3516
1243
4667
7597
7923
8188
8257
4776
9854
4363
6193
2672
4870
9782
1781
716
5199
247
8602
5881
6631
4
4876
3384
5273
7799
6668
8660
4885
5685
6840
1870
3210
2424
7814
7931
8764
6595
4934
3299
3511
344
3781
6297
8237
948
7438
314
1250
7980
8534
9189
9339
788
3146
5535
7362
7495
3625
9228
2391
5643
6065
6097
8367
7628
5004
7967
7692
4003
8815
2018
2852
7350
3250
6244
178
5661
178
2797
9674
8445
3084
9246
3253
38
3737
5102
766
7003
5767
6998
3264
7660
5625
8531
8704
3940
2377
7974
7952
908
888
5888
5026
3594
2806
8562
780
4137
9193
7011
3359
2349
4498
2690
7322
2828
6152
4467
5950
2441
3025
1746
1583
7956
8174
1542
7633
3922
3966
1385
6780
947
2897
62
6779
1736
2963
9111
7976
2169
2197
7528
8060
3376
7524
67
8940
8711
6349
8307
638
1101
6843
2736
9865
9774
4353
9367
4856
5249
9500
6883
4810
1456
4541
981
7523
6275
2925
8899
2703
2517
8215
1079
6098
3454
6546
604
2005
5376
4933
9654
2615
3845
6465
7376
519
9296
7790
1797
3447
4890
4695
9705
6790
1476
7089
6442
2574
8950
587
1589
9501
6813
9874
1356
806
3238
6894
9763
9954
2953
4598
4514
7310
5121
7107
8238
4343
7223
2723
911
1179
6605
9645
2490
3725
2441
6024
4157
6303
5211
2626
1309
1551
436
7422
2341
865
2675
484
4718
9053
362
875
2530
7273
6600
5471
7187
9732
7753
223
3011
8170
6257
1105
2049
5177
4237
6437
8749
6247
3891
403
7991
3739
3386
2172
8063
3852
5244
2323
5979
2952
9559
2930
1784
4124
4662
432
9952
7772
6440
8065
142
755
3599
825
2505
3080
9973
2492
9477
7612
9508
9355
7952
4881
5319
2277
7386
5558
566
7545
854
250
8682
1522
2621
6675
8658
5
8934
4099
3597
6122
2316
5274
1112
7425
670
1960
8527
9675
4046
2940
1653
7667
2719
9692
2932
9553
2938
6863
9895
8838
1694
2889
7470
8444
837
8923
7458
6599
5920
319
3065
4270
7690
3710
306
3482
5885
6723
4956
6104
3633
7306
1515
7978
9780
6645
7192
1989
9194
8727
8466
1880
3352
2897
2639
8246
3910
7708
9914
7973
3128
8306
3535
4241
1414
7783
3765
6779
4984
1180
7567
1672
3981
5816
2730
5072
6179
4817
8248
7708
2233
5350
5568
8451
8291
819
8865
5767
3776
3453
1414
402
8047
5290
6581
2641
5205
6024
3535
8433
7393
4134
3044
5074
7771
5691
39
1548
2459
707
2645
238
1114
3773
1925
7751
2070
7393
3271
2293
4166
5510
1340
8498
4814
3373
232
7562
5768
7800
7161
1812
165
9882
3179
8525
4418
4565
9403
3515
9501
4677
7025
3548
6745
619
1838
7832
9138
5652
9970
3509
6309
6254
4216
3620
3273
190
4788
6152
8688
5455
4760
4768
7647
5954
5310
5329
3914
435
834
572
9115
9815
270
3860
6488
6403
4339
8725
2706
1852
5941
5461
320
2247
6872
245
1812
3266
1606
8784
3559
8830
5956
7557
2583
8301
2105
9237
3688
856
9155
5143
1975
7801
2828
9654
5876
1512
8660
208
8388
5696
5932
9419
3495
3528
4298
6489
7405
3135
5924
9150
6524
4257
7168
9537
5624
7408
9036
2497
6098
9088
6742
8872
8413
7545
2846
9544
7723
4684
7643
2989
7789
6426
4841
6142
1328
5777
4731
4224
9050
6855
1020
585
3367
7461
389
1478
1465
7987
4406
5204
6862
7493
6395
9742
9460
1779
4414
3800
8340
1643
6827
1699
90
9174
9273
3912
5769
1409
3309
3585
2503
2911
961
3401
6713
4885
7844
3066
3216
9130
7516
2328
6826
6662
8780
3631
8981
9309
813
693
4698
894
2557
3353
9814
8568
7104
724
8055
1388
4497
5462
1705
796
7165
9521
798
392
1071
9889
9099
4200
1751
5690
7723
7918
3674
6902
8160
3123
1828
3698
1058
8142
5359
4945
8598
7433
7441
7925
381
4484
4774
6923
5049
9871
4587
6818
2344
4169
893
7649
8188
5632
890
4178
1672
7694
6045
3381
2465
8522
6309
8785
6663
7939
7754
1382
8718
3414
843
2024
514
2430
6893
8091
1320
8082
4812
5836
7800
3606
3238
4003
7224
3214
3830
2257
3937
9992
728
3663
774
5688
6631
697
7785
3931
5478
940
4603
1119
769
5507
6694
9025
7854
2088
3451
7584
5546
6283
8849
4504
9205
147
6161
7625
1779
7517
6511
789
2913
4394
2670
3697
9696
8222
5023
6180
2934
9756
8833
9299
4391
7963
5737
6953
1996
4260
7414
3170
3703
838
1521
4461
5808
5832
9495
9855
3006
2967
1248
3199
3730
6985
7296
9703
747
7536
6377
9250
9748
5295
4007
6606
1011
8000
9682
5853
9033
4106
710
4753
4903
2763
5188
9376
9714
892
6492
7358
8239
1137
9838
1387
5393
8485
7879
9421
5172
9347
960
2581
9034
198
5974
5675
5308
4007
3660
7102
3715
3679
6984
4201
7041
1271
6476
3809
4951
2256
6071
6007
3075
8686
8143
6566
7639
8852
1328
6871
6461
2897
3217
1318
718
5980
1454
4235
6932
6163
9540
4984
1781
7589
8415
2572
5085
3915
9538
1474
551
6588
8149
2069
9006
6099
821
1955
3302
4350
6194
8081
5792
2196
4932
2425
4826
1047
7935
9671
8146
3639
1353
3520
6425
6260
4898
4357
6648
4515
6460
1863
4209
7591
4276
4004
8032
8873
2990
5616
371
5516
8046
4701
6822
8671
9688
3294
7329
1980
5443
9968
3459
7756
3013
5098
3302
7357
9669
5462
339
9295
2673
1644
1524
295
5383
6373
1241
539
7711
9256
3767
6407
3022
5088
826
8938
4718
5901
8745
2114
8868
4706
1350
5525
2221
183
3312
7670
3453
2662
5148
7658
2097
7584
9497
7134
531
1301
8267
3984
3247
7921
3567
2065
7301
2756
102
5021
9053
2318
1467
504
1774
7482
8068
9606
3282
6672
5941
417
6385
3568
6630
6072
1903
8617
1341
6823
6697
4172
8597
6842
486
2436
3159
2252
3987
2601
9133
6613
5771
9870
8762
8626
9411
6257
1094
6098
4992
3317
9966
5565
8488
9721
7847
3441
2961
1234
7206
8052
2664
7569
1036
1444
3187
1865
7566
4195
9231
9189
7413
8038
1818
6738
2393
4487
7202
7971
1069
5901
5841
6715
4271
6433
8341
7185
9800
7591
3941
2610
1089
3975
6147
2007
9770
5986
9919
7175
7644
4615
5135
3748
8646
6935
4567
8764
2356
9943
7626
8050
5812
1359
7709
9963
3627
9858
964
4566
276
5073
1628
2143
9644
9826
493
5403
8833
1151
9281
4998
3254
6035
3582
4004
467
7364
9775
381
3536
9286
5492
6626
2127
1550
8477
7685
5501
475
3620
916
6230
3190
3304
3883
8643
3947
3346
9618
7180
6533
937
1880
8241
981
989
5394
6158
8774
2791
9312
3261
5191
295
471
6139
6268
4389
4614
2007
9657
764
3183
8815
7022
346
6095
7535
6332
9361
5276
995
5515
4380
2775
5736
4073
2529
5641
3806
2900
7203
6833
2134
4285
3214
7173
2445
3321
6934
5957
8382
1952
234
5107
2566
7626
6261
5167
4898
3702
7140
3074
3469
3673
914
5124
5049
1635
9547
3673
7479
7921
7802
6410
1463
9180
8105
6697
8655
9273
4456
8663
122
3803
4530
5520
8938
5984
5844
36
5109
7981
3747
2302
1937
5636
4694
4657
1138
2294
6137
3942
6842
4571
2051
2850
6492
6137
4276
1255
8489
8533
8263
8863
5641
5919
8925
2075
4628
6259
2728
5571
748
6503
7591
5974
3385
200
6664
4231
7136
4638
6273
551
989
2699
9480
6415
4247
6540
768
1221
4565
6226
7976
9280
763
7119
1710
5976
1153
5405
6294
4631
6232
848
9215
6972
1170
8904
5966
3446
2606
6769
3577
3162
9072
3694
1038
6597
6930
6069
1311
1460
5416
8725
3370
9850
8771
7662
5605
1032
7245
3526
6534
5979
4971
9164
8003
9144
1662
6802
7851
9777
549
2171
6107
2033
6313
6353
1036
6287
3100
5645
9312
5885
299
1689
8229
4999
8513
1199
533
5162
1087
4046
1915
2521
9943
7856
4898
8532
3186
4277
1413
7427
5936
8697
7978
7659
7998
264
8295
9610
5760
5103
1779
3151
6499
1134
5797
8641
432
9581
604
4782
6394
9595
8649
1118
6550
6663
6561
8193
2330
3674
7421
3995
108
6460
5185
1357
9149
3037
7576
9915
3173
1121
6481
7250
2966
3687
2294
8898
8739
6585
2896
5589
1060
6761
7475
5881
1298
7761
2474
1283
6184
7655
731
8294
2285
5943
353
825
3236
90
8893
5161
2109
8656
1065
2391
8799
2664
2813
9832
110
696
8335
8035
1834
3855
4346
1937
5115
6097
313
2645
1902
5807
4958
5479
8442
6906
1857
9174
3955
2356
4201
6103
4936
7052
6881
5031
735
1217
1845
7675
4829
108
2717
2161
7937
8215
110
9108
705
9449
6277
2157
7125
4720
7475
1154
7467
6329
2408
9318
1630
909
1187
1090
1897
627
6968
8806
2625
1236
8305
8838
2426
5897
8807
7393
2685
7936
8333
5273
9012
7762
9611
8530
9707
8333
6916
5575
2136
2057
5424
3512
6725
870
8009
2231
8185
2800
8619
7518
2086
232
5587
6239
6000
557
7091
1651
9195
5406
7538
7704
3054
2892
5464
6322
8923
3811
3305
1540
484
995
1422
4287
3564
9237
1007
2892
4411
8753
3757
3946
7340
4175
2211
5670
5589
5416
9404
7074
6882
6780
4655
752
863
2984
5598
1563
6899
2164
2557
7608
9560
4156
2054
8958
5693
9575
9435
7659
1853
6098
324
4264
6026
4622
7570
8847
3666
4832
1545
2710
4574
7902
7596
9478
476
3542
954
9080
4487
9555
8081
3875
5956
2847
8073
5236
9332
1027
3576
4305
2421
7962
706
1579
7868
2662
235
3576
9461
706
8135
3893
8263
8845
7777
8826
1854
6155
1052
3211
1774
2678
3436
5287
3707
9800
2426
3804
3759
7470
3334
3229
4665
3697
6469
3015
2430
2686
4113
2202
6361
9533
4381
6721
2394
7272
1652
802
2233
9311
632
7434
2200
6640
6169
5299
1289
1636
9884
5179
1245
9564
8311
62
3943
528
1012
4497
924
9223
764
9601
1303
1556
3394
165
2514
5530
9658
1292
9077
1879
5073
2289
6834
6020
811
4666
3858
3188
2379
2215
1696
8427
1078
1882
1068
4400
7252
8593
7039
3297
4472
5512
8142
3897
6971
4114
1436
7862
9978
3305
7061
7434
2048
9826
3669
8575
8397
61
5372
8518
9985
4134
4071
3411
4271
8937
9204
1921
7875
9862
5108
915
3253
7254
5705
8713
2874
9963
8579
8297
6916
5469
9917
5319
2390
7484
9517
7719
6625
1581
5908
7874
7845
7524
8686
5954
3230
7761
8311
244
7219
1850
7695
108
9796
7943
7437
703
5582
9589
3623
4474
620
1124
4223
455
7182
6338
1485
3008
6398
6169
3677
3865
6085
4996
7855
5566
5589
6594
9301
4060
3070
3822
5667
8983
5989
1645
2044
8929
9355
1159
3318
9783
9320
277
60
6980
2565
6293
3883
9474
428
2474
4711
8684
9835
2593
8859
9775
560
6995
1908
7590
8960
3040
720
8813
464
6352
1706
7728
1874
5857
3443
4887
3899
2479
2228
1025
5861
911
9743
8970
4932
4474
3188
8553
1475
7872
6896
5117
2504
9258
571
2675
5305
1891
617
8387
8616
2246
8783
9379
7574
5510
7337
7410
534
4817
5827
7821
288
5720
5513
7305
5116
6891
9135
8503
6987
1291
818
6975
2820
7624
7334
2607
706
5689
8640
798
520
1788
8343
5028
5631
4279
1879
6738
9812
980
9608
144
7140
1839
8809
3019
3231
3756
5217
7207
9763
9921
4920
8955
3005
6703
2911
2982
1125
9204
1288
2473
144
7518
6005
4182
7392
1519
3620
2960
6415
6319
7445
6557
1119
2366
9926
5429
5714
477
4330
8766
2879
5205
4989
4106
3467
9918
193
6752
5025
246
6312
7701
7172
1824
7526
1505
1097
973
2227
5882
1462
6948
9964
3235
5383
4677
2589
6642
918
4412
4090
6458
8827
1801
9934
6186
3188
9460
6909
7676
5014
5772
1544
7270
4500
6341
2415
7585
566
8320
327
9651
2850
1506
9185
7392
8416
2176
6135
108
4242
6007
2810
4639
2781
3901
2324
3242
8268
7169
8878
3623
2297
8410
7023
4487
8648
2910
254
7606
2879
6993
6055
3975
8674
3953
9713
6716
2185
1703
1824
5324
1933
6005
6592
3746
3533
8390
7452
9694
1233
5629
4419
6682
1637
9443
5470
3002
2922
7004
1899
6714
620
4681
9357
5047
2604
2957
7303
4086
4834
7432
5148
8872
7403
7100
2529
4294
5825
203
1288
2685
3585
5360
6510
1057
5351
1253
1442
8064
6364
4948
9741
4649
2771
7132
6605
5960
4325
8020
2018
5270
9540
6764
8315
6857
1708
594
5249
2677
5122
2426
2031
7340
1318
2145
6034
3442
8754
611
7638
5815
7983
4837
7483
790
6744
821
7804
1460
6034
1065
563
9655
9631
5340
1409
7997
6326
7192
7663
4407
2102
3877
6363
3090
2681
9514
6956
8894
7640
6600
8957
1856
9641
8419
6986
1022
9569
845
8652
9776
5324
5738
6171
4578
4657
272
3614
6252
2022
2703
4474
4580
3950
1600
5107
6924
4428
8158
2811
2893
5396
1636
1770
87
7686
6312
6545
8235
4336
8787
6450
3485
4417
7698
5850
4920
2315
8021
1727
263
8504
8201
9380
1608
2811
6794
1842
4797
8506
3550
6084
3574
3781
2777
9433
2517
5727
5540
2838
8757
6634
8893
6142
5787
8013
1483
7469
2303
1748
7029
4630
6378
1486
4255
1184
2817
4762
4569
6153
2951
4284
6135
3095
5477
8773
7544
4321
5257
4107
3120
7965
5750
2665
3620
2131
6260
1343
3100
7010
8640
6998
5474
7295
7408
676
5763
7666
6218
6601
8083
4695
2779
2463
8043
2044
8911
1540
8092
9268
6124
758
6510
4862
8072
4555
7070
5316
8953
1406
9057
420
1283
3735
2889
8276
2703
7947
34
7451
1571
7266
3917
4287
389
988
9173
4855
5101
9965
8397
9608
4891
9108
439
9325
3424
2894
6375
8202
8259
5390
7666
9879
3287
9340
5521
6102
7084
3674
8536
3860
8955
5574
3597
8015
6696
4500
6596
5454
4587
1619
8366
6771
1778
5140
7624
2598
8769
98
574
9749
9365
8500
2802
5061
3898
2380
7949
5492
8361
747
9611
9888
872
6216
6203
9338
3137
4797
2939
5353
4724
121
4566
4233
5780
9016
2162
7690
5000
3299
3059
8420
4198
5598
6527
7153
3304
956
530
2879
7197
3294
4687
2056
6619
6479
9804
8055
4269
2920
8363
7970
7699
3841
153
8934
997
4422
9848
1047
694
8490
2629
4286
166
2930
1948
8721
6635
1161
2856
5396
245
6801
1201
9970
4280
1011
6066
1063
9530
1232
4170
1916
8706
6768
3218
4924
8334
4585
3693
2721
5477
2580
6386
8645
5482
3545
4816
8138
4734
8070
8963
5863
3928
6507
5804
6996
1798
2158
3930
945
6504
8384
9916
4512
2728
9001
6434
3337
6908
7777
6462
5384
2112
4637
6738
5716
3044
1891
8627
7794
2869
904
126
1857
6035
9557
8461
6916
8488
9194
7710
8687
8318
2795
112
6914
9873
1035
9712
4270
3473
9816
5779
1770
3576
8541
9053
8971
2304
2641
7688
6766
7899
8403
1192
219
5926
2520
3495
2245
9663
2078
6932
2318
3994
6102
5732
9064
4369
4823
3977
1941
2270
8754
6175
6339
2935
8332
330
7049
5047
1429
27
8237
1228
8193
2500
8988
3078
9210
6770
2472
3225
7272
3224
7525
4885
6567
7190
8807
9572
4680
623
5892
8054
1179
4541
1718
8685
5858
6821
9716
5254
9744
6591
7405
2155
4181
348
3521
8381
2248
7474
3926
4902
8683
823
1992
6599
2289
3777
8845
9525
2709
6205
7121
7876
7112
4809
1045
2698
7006
8028
5992
8576
1842
2535
8086
2273
6463
6545
5115
6534
2484
9335
2935
9709
4589
8918
1628
697
3371
3339
7857
9996
2984
3361
8482
2050
9889
4398
1475
4987
70
9151
5045
1185
8604
8160
367
4462
1598
2950
2028
7651
8796
1223
6226
5629
3890
4894
1825
8982
5579
8782
3003
7229
1706
7279
6745
2894
4838
4686
9747
2130
1768
6730
5775
3803
8211
2458
5849
2156
5853
6983
7454
2503
6346
4180
282
2721
1188
1096
9723
2671
4936
2947
8290
9355
446
5033
1538
9069
7801
6639
5037
1027
5935
8455
9607
3140
6622
3076
574
8497
8733
6564
8002
7264
8245
8460
6205
7118
9865
6702
7560
9927
115
6901
4710
5260
8402
8749
1736
2109
4398
5318
3654
7364
3138
8686
8613
9735
4853
7008
5992
9990
1668
7031
3684
2302
5982
557
7126
4438
1454
4206
1251
3746
4259
9553
3939
2855
2922
6913
6254
176
6848
5216
8101
9098
1476
4542
309
9472
2974
9257
4776
1213
5188
636
4208
6176
8948
141
8727
6819
3517
312
2549
7532
4496
6024
1450
5707
9108
5903
3245
7166
7558
6409
5973
4894
1337
5661
6617
5245
8149
3442
6335
5675
612
4335
1511
3706
749
8469
3683
8061
6033
8223
8365
8117
1684
5354
8628
2495
7587
5081
2915
3917
5300
1080
8698
8041
3669
1241
2290
8270
1661
444
4747
9850
471
7515
4782
8133
8077
8120
5425
3346
1569
6272
6112
3337
3891
1435
2279
6748
3644
2948
5598
75
8000
3284
6113
4891
9890
2160
5808
4329
6775
3394
1103
7404
2930
3773
2432
2941
8691
2421
6558
6868
7603
3778
3495
4235
1039
9177
3980
8708
3347
7990
3551
5503
1875
2462
2597
6939
3571
5504
7837
8694
8446
6800
6602
8535
1078
7989
7008
9740
7638
4057
6035
9146
4576
6437
335
3885
3491
7489
2478
1980
3521
3150
7440
3700
2713
1367
7181
7265
800
2412
1917
1684
4071
7230
1357
7554
898
5591
7052
5062
963
1559
2264
9132
9521
6442
2013
4323
3034
9540
6368
9913
4686
8429
8385
3907
9008
3184
8293
2153
3104
4272
1471
9124
3738
9210
1910
6521
6264
9136
2586
1385
9573
9091
8571
3838
2133
7804
4512
542
1859
9631
5821
3120
2957
6598
9764
7324
4787
4262
5315
236
3330
2264
3944
1772
8652
45
487
323
5778
4407
3594
6003
3230
104
7195
2991
9684
7191
9014
2151
6257
4123
6
1991
8433
7565
3090
810
3043
5531
1446
4204
8943
1626
8473
6379
6019
9905
660
6820
8383
8952
3030
9947
8791
742
7309
3508
692
4619
4909
3474
5230
6412
299
5108
3200
2835
7642
9771
2285
960
4460
9774
1922
7771
7366
8424
4108
7458
8148
3065
3242
9709
2467
1449
5975
1371
2170
4483
180
1339
7128
7984
9239
8171
9419
4500
1995
1451
5022
7902
2928
7388
2952
8577
9072
4261
2233
6878
8727
4752
810
8232
9161
7671
1544
2863
1050
1917
7161
9335
2940
8016
3888
2984
4758
9142
1794
9316
5182
2319
8276
7256
6802
6529
1989
1153
6496
9373
3519
2049
7977
6118
5588
6071
4408
9813
8288
7162
2834
4330
3754
1223
4656
8173
1720
4744
4676
4568
7970
8373
9028
6297
7717
7071
5431
4550
7023
6383
6869
204
3402
8201
2332
6560
8083
3913
987
3453
7189
9337
6005
543
820
2506
4387
1679
7090
7937
9865
4360
4363
5427
4867
8024
4830
7149
2837
1192
3687
2339
4578
6364
2306
1570
8477
3262
5678
8170
2296
1409
5199
1600
6922
7089
7426
1518
9296
4493
4541
6801
751
664
6769
752
150
2944
5656
7950
6415
3422
5423
3900
2358
3310
1175
7167
2671
375
4870
3405
953
5125
6072
2971
378
8986
4892
8846
4333
2514
3986
5353
1276
4211
7851
4086
8135
6664
1888
9232
6292
1036
3245
2101
5267
6537
5992
6849
4444
2338
5733
8306
3919
7379
5774
8280
3151
446
3780
5257
4309
1423
710
1108
921
9529
1934
1847
3236
4069
4406
1415
6912
3059
3757
3709
682
9238
5957
3085
9075
7321
8355
1901
1579
4988
8235
9694
5264
4317
6029
5351
2081
1919
1851
9891
4001
942
1625
7947
1269
1328
1344
4458
2841
9541
4900
1753
5186
9984
1722
9975
8969
16
2845
8563
7692
7382
4517
8292
6699
5969
5380
3837
1206
8173
3745
6056
1287
5599
2589
3944
2870
2679
1142
8193
1812
5121
5411
9622
4332
5156
6071
9022
9848
7085
9581
457
1129
5637
2208
6267
77
1770
1024
8341
9151
9024
2758
2141
2266
2603
8368
2556
2878
736
7558
1947
632
4909
418
7155
1625
2817
2434
8771
9530
6258
3664
9092
5315
2206
4773
3300
9894
1729
7080
8290
5533
8328
9110
3248
38
5172
6393
2425
6687
42
6676
7857
5502
6259
5202
4557
8309
6218
4776
8579
8153
6841
7361
467
2761
5297
7770
3621
6123
4539
6445
6612
1733
33
9016
6790
1890
5059
1701
5021
6378
4845
6811
1870
3601
8555
1521
604
459
6984
8146
236
7816
8888
8625
1287
1852
1563
4546
6736
8186
875
9660
5096
2653
700
7997
2767
4557
606
1971
4250
1931
5821
9946
9950
9346
1082
2119
3729
7482
8756
8783
2763
4969
5690
2877
1130
6893
9018
4449
9212
9165
9397
9204
5077
7650
1493
3409
452
7140
2245
3100
9896
512
104
3270
391
9797
7534
9927
6605
8939
1937
6741
3119
8189
6777
7012
3771
3148
6361
9509
3332
2812
8224
6546
3859
73
1448
8087
8188
7256
3488
6798
7712
6317
8792
5944
6766
7523
8601
8873
1051
4072
47
8035
5721
7944
1406
473
1737
3707
3357
5106
4195
9112
728
7383
5646
9395
2997
6092
6425
3266
3441
8522
3158
205
2998
898
2773
9633
300
1286
2957
5746
9628
9575
5619
7024
7233
6755
342
8842
5642
4096
9054
9802
5901
6705
9992
5176
8133
3522
6161
6020
6458
2390
7118
6296
2788
6107
9477
8124
1627
9781
2129
9357
8902
8841
9559
834
9986
7397
7995
9157
1452
1466
5399
4770
516
1565
7596
4780
3925
4822
4395
2012
5687
1276
2141
5037
5324
4167
281
9398
6217
2135
8367
8530
9209
2567
9140
6416
9033
3181
2070
9105
9412
7733
9253
1175
1203
4823
7315
45
8932
1012
2269
513
2061
5821
4611
24
7820
4828
7983
6229
5533
4994
1646
5324
4016
2403
8956
2089
7625
5930
9886
697
2498
5707
5104
9205
7861
3220
8422
5867
8113
7804
5772
6217
8524
3703
457
8360
8872
8537
4579
648
8250
8398
4405
2925
4917
6839
5870
9593
7351
2935
9823
5350
9764
1930
9245
2595
2163
7321
1664
182
7093
5886
217
4211
542
1532
961
8843
2673
3391
1322
9132
7002
3110
2246
4822
1100
8910
71
9799
4203
6729
5422
2160
920
7608
6238
1601
3946
4462
8965
1166
4823
2567
2486
8233
5182
4746
3697
5286
7155
4738
6678
6619
9994
1767
1060
5229
4079
413
5025
5656
6933
5984
6883
8331
8985
3639
4136
6646
435
7330
6126
1605
8719
6579
1777
5776
9318
332
2428
1296
6420
3619
8124
6471
7969
6602
1252
2108
9161
7269
1381
1082
7474
5731
5639
8506
4293
2338
157
5335
9696
1525
7120
7730
1099
2495
3955
6992
2083
35
9823
1413
8136
6932
5019
4745
9630
6465
1998
4519
7090
8720
8393
5090
4080
6969
4738
3008
7263
5740
6210
3337
4484
8725
9615
2225
7342
8859
1825
6478
202
6956
7781
3209
803
6920
3519
628
5737
7775
632
8041
8443
1083
3840
8954
5688
861
6114
7854
8853
3980
2696
